2.980814969960709277e+03 2.968519926926185235e+03 2.968519926926185235e+03 0.000000000000000000e+00 2.957155517578125000e+03 2.977819580078125000e+03
2.927178655256304864e+03 2.886152225889008605e+03 2.886152225889008605e+03 0.000000000000000000e+00 2.881725830078125000e+03 2.903871337890625000e+03
2.815210407814784503e+03 2.744540586274245470e+03 2.744540586274245470e+03 0.000000000000000000e+00 2.737534179687500000e+03 2.759102294921875000e+03
2.647189294647752376e+03 2.549939554148706975e+03 2.549939554148706975e+03 0.000000000000000000e+00 2.544080810546875000e+03 2.563191406250000000e+03
2.428817117256030542e+03 2.307662698679956975e+03 2.307662698679956975e+03 0.000000000000000000e+00 2.303114257812500000e+03 2.320244140625000000e+03
2.165220536081414593e+03 2.022656767746497735e+03 2.022656767746497735e+03 0.000000000000000000e+00 2.013708251953125000e+03 2.030642578125000000e+03
1.861169660601699661e+03 1.699502475080819067e+03 1.699502475080819067e+03 0.000000000000000000e+00 1.681300537109375000e+03 1.699015136718750000e+03
1.521057306657757636e+03 1.342398812129579710e+03 1.342398812129579710e+03 0.000000000000000000e+00 1.321250854492187500e+03 1.337423950195312500e+03
1.148902637503997539e+03 9.551781489931304350e+02 9.551781489931304350e+02 0.000000000000000000e+00 9.186691894531250000e+02 9.378574218750000000e+02
7.483656912463450226e+02 5.413284007105334013e+02 5.413284007105334013e+02 0.000000000000000000e+00 4.955424804687500000e+02 5.142856445312500000e+02
3.227781446133440681e+02 1.040220213265254614e+02 1.040220213265254614e+02 0.000000000000000000e+00 5.422998046875000000e+01 7.297314453125000000e+01
1.718850692531518831e+01 5.273421797259100430e+00 5.273421797259100430e+00 0.000000000000000000e+00 9.260742187500000000e+00 1.562475585937500000e+01
3.522554018344098203e+00 5.521827516884639131e+00 5.521827516884639131e+00 0.000000000000000000e+00 2.989501953125000000e+00 1.578979492187500000e+01
3.318266508872048881e+00 6.988311652479501035e+00 6.988311652479501035e+00 0.000000000000000000e+00 1.908398437500000000e+01 1.349047851562500000e+01
3.184712440646879639e+00 7.349466060769969111e+00 7.349466060769969111e+00 0.000000000000000000e+00 8.508544921875000000e+00 1.391210937500000000e+01
3.319512972357677505e+00 6.641435754710230732e+00 6.641435754710230732e+00 0.000000000000000000e+00 1.159399414062500000e+01 4.022949218750000000e+00
3.078905065854390610e+00 7.419109130727833623e+00 7.419109130727833623e+00 0.000000000000000000e+00 2.414501953125000000e+01 1.828930664062500000e+01
2.905544904240390913e+00 9.799925804138183594e+00 9.799925804138183594e+00 0.000000000000000000e+00 4.381103515625000000e+00 1.107690429687500000e+01
2.744480408771693192e+00 5.433700495752795234e+00 5.433700495752795234e+00 0.000000000000000000e+00 3.120605468750000000e+00 6.143554687500000000e+00
2.868162162819801075e+00 5.709638496925091289e+00 5.709638496925091289e+00 0.000000000000000000e+00 4.884521484375000000e+00 4.071044921875000000e+00
2.853919531866821124e+00 6.716640357313485410e+00 6.716640357313485410e+00 0.000000000000000000e+00 1.154785156250000000e+00 8.807373046875000000e+00
2.801715654936450139e+00 9.377060199606008339e+00 9.377060199606008339e+00 0.000000000000000000e+00 1.306103515625000000e+01 8.458740234375000000e+00
2.766129921751412812e+00 8.279220038446887031e+00 8.279220038446887031e+00 0.000000000000000000e+00 1.356323242187500000e+01 8.448974609375000000e+00
2.807512263108415063e+00 7.747550306649043428e+00 7.747550306649043428e+00 0.000000000000000000e+00 1.696777343750000000e+00 7.559570312500000000e+00
2.554791697981761978e+00 7.811754210241909746e+00 7.811754210241909746e+00 0.000000000000000000e+00 1.864746093750000000e+00 8.085693359375000000e+00
2.606481077378256295e+00 8.342093928106899980e+00 8.342093928106899980e+00 0.000000000000000000e+00 6.453613281250000000e+00 1.086425781250000000e+01
2.655710639312253374e+00 4.796510046926037774e+00 4.796510046926037774e+00 0.000000000000000000e+00 3.522949218750000000e+00 6.393798828125000000e+00
2.909691850344339858e+00 8.023006077470450137e+00 8.023006077470450137e+00 0.000000000000000000e+00 1.116210937500000000e+00 1.029638671875000000e+01
2.936094666085048210e+00 6.914680628940977236e+00 6.914680628940977236e+00 0.000000000000000000e+00 1.576904296875000000e+00 7.867919921875000000e+00
2.572554156097055067e+00 6.916550488307557920e+00 6.916550488307557920e+00 0.000000000000000000e+00 1.635009765625000000e+00 5.956787109375000000e+00
2.590990486897920331e+00 4.915504636435673369e+00 4.915504636435673369e+00 0.000000000000000000e+00 4.034179687500000000e+00 5.048339843750000000e+00
2.596880497639639351e+00 8.126408461866708066e+00 8.126408461866708066e+00 0.000000000000000000e+00 2.048339843750000000e+00 9.370605468750000000e+00
2.449501692900183603e+00 6.464245894859576680e+00 6.464245894859576680e+00 0.000000000000000000e+00 2.712646484375000000e+00 7.237060546875000000e+00
2.409008385842306588e+00 5.496129364802919248e+00 5.496129364802919248e+00 0.000000000000000000e+00 8.420410156250000000e-01 5.219726562500000000e+00
2.542249416050157862e+00 5.008145299451104648e+00 5.008145299451104648e+00 0.000000000000000000e+00 3.408203125000000000e+00 6.084228515625000000e+00
2.840407834415547228e+00 8.569041383677515000e+00 8.569041383677515000e+00 0.000000000000000000e+00 4.406738281250000000e+00 9.911376953125000000e+00
2.525745307492930802e+00 6.330862916749099512e+00 6.330862916749099512e+00 0.000000000000000000e+00 2.303955078125000000e+00 1.181909179687500000e+01
2.430236778064081005e+00 5.772956124667463662e+00 5.772956124667463662e+00 0.000000000000000000e+00 1.901367187500000000e+00 6.389648437500000000e+00
2.577725477385939268e+00 6.683257678459430196e+00 6.683257678459430196e+00 0.000000000000000000e+00 3.937500000000000000e+00 1.142407226562500000e+01
2.584023593462001500e+00 4.014534670731117139e+00 4.014534670731117139e+00 0.000000000000000000e+00 4.028564453125000000e+00 8.162109375000000000e+00
2.498874265199516387e+00 6.556706839594347969e+00 6.556706839594347969e+00 0.000000000000000000e+00 1.013818359375000000e+01 4.947998046875000000e+00
2.518662034768110125e+00 5.944326828266012441e+00 5.944326828266012441e+00 0.000000000000000000e+00 2.434082031250000000e+00 8.663330078125000000e+00
2.626992151751155635e+00 8.745537955185461954e+00 8.745537955185461954e+00 0.000000000000000000e+00 1.191943359375000000e+01 6.925537109375000000e+00
2.526523841054816089e+00 5.725581859720164424e+00 5.725581859720164424e+00 0.000000000000000000e+00 8.005371093750000000e-01 9.854248046875000000e+00
2.495971862335651270e+00 7.766764015987001279e+00 7.766764015987001279e+00 0.000000000000000000e+00 1.039794921875000000e+00 7.142822265625000000e+00
2.537503190207899717e+00 4.970288145131077862e+00 4.970288145131077862e+00 0.000000000000000000e+00 5.161865234375000000e+00 5.898681640625000000e+00
2.611298254358838111e+00 8.106781548467175469e+00 8.106781548467175469e+00 0.000000000000000000e+00 9.000732421875000000e+00 6.971923828125000000e+00
2.590591153903314403e+00 6.940966195073620781e+00 6.940966195073620781e+00 0.000000000000000000e+00 1.123291015625000000e+00 5.146728515625000000e+00
2.498701297051725501e+00 7.127930526075692441e+00 7.127930526075692441e+00 0.000000000000000000e+00 1.587402343750000000e+00 8.601074218750000000e+00
2.566439970543509919e+00 7.353189386170486230e+00 7.353189386170486230e+00 0.000000000000000000e+00 9.301757812500000000e-01 9.888427734375000000e+00
2.466688793305067851e+00 7.061120855397191143e+00 7.061120855397191143e+00 0.000000000000000000e+00 1.289062500000000000e+00 7.401611328125000000e+00
2.427240011636276673e+00 7.128626675441346983e+00 7.128626675441346983e+00 0.000000000000000000e+00 9.357910156250000000e-01 7.940429687500000000e+00
2.582004022877118832e+00 4.958225990163868779e+00 4.958225990163868779e+00 0.000000000000000000e+00 3.574462890625000000e+00 9.205078125000000000e+00
2.560746298895941742e+00 7.797135533957646025e+00 7.797135533957646025e+00 0.000000000000000000e+00 5.873535156250000000e+00 9.078369140625000000e+00
2.424942163696066189e+00 6.804245307527739151e+00 6.804245307527739151e+00 0.000000000000000000e+00 3.147460937500000000e+00 9.356933593750000000e+00
2.446844472522624159e+00 8.404033101838210840e+00 8.404033101838210840e+00 0.000000000000000000e+00 5.485839843750000000e-01 1.105053710937500000e+01
2.494708812027646605e+00 7.724107232587090976e+00 7.724107232587090976e+00 0.000000000000000000e+00 9.277343750000000000e-01 6.146972656250000000e+00
2.452839134729396520e+00 8.808564843802615840e+00 8.808564843802615840e+00 0.000000000000000000e+00 1.181152343750000000e+00 1.028686523437500000e+01
2.402209971383300946e+00 6.808692077110553242e+00 6.808692077110553242e+00 0.000000000000000000e+00 1.270263671875000000e+00 6.999511718750000000e+00
2.474335752732572669e+00 6.055287985966123721e+00 6.055287985966123721e+00 0.000000000000000000e+00 1.915771484375000000e+00 6.372314453125000000e+00
2.717252267034430346e+00 5.804684244353195410e+00 5.804684244353195410e+00 0.000000000000000000e+00 8.947998046875000000e+00 4.722167968750000000e+00
2.514503370948702354e+00 6.705502427857497949e+00 6.705502427857497949e+00 0.000000000000000000e+00 1.132763671875000000e+01 5.920898437500000000e+00
2.446159914223074328e+00 6.900085268349482881e+00 6.900085268349482881e+00 0.000000000000000000e+00 1.585449218750000000e+00 8.892089843750000000e+00
2.530772262149386886e+00 7.078437443437247012e+00 7.078437443437247012e+00 0.000000000000000000e+00 1.883544921875000000e+00 3.686279296875000000e+00
2.368745840606633735e+00 8.250800149194125410e+00 8.250800149194125410e+00 0.000000000000000000e+00 1.274414062500000000e+00 8.385742187500000000e+00
2.610384556285121782e+00 4.625005549397961602e+00 4.625005549397961602e+00 0.000000000000000000e+00 1.438232421875000000e+00 7.073730468750000000e+00
2.689416095527291883e+00 5.125220380980392676e+00 5.125220380980392676e+00 0.000000000000000000e+00 1.865722656250000000e+00 8.103027343750000000e+00
2.436190488045675728e+00 5.983468253037025342e+00 5.983468253037025342e+00 0.000000000000000000e+00 1.511718750000000000e+00 7.586914062500000000e+00
2.424812652214228592e+00 6.085244277427936055e+00 6.085244277427936055e+00 0.000000000000000000e+00 6.824218750000000000e+00 4.288574218750000000e+00
2.361945798871112778e+00 6.681486409285972705e+00 6.681486409285972705e+00 0.000000000000000000e+00 1.009277343750000000e+00 8.135986328125000000e+00
2.406612551700301861e+00 6.712366646733777031e+00 6.712366646733777031e+00 0.000000000000000000e+00 1.966552734375000000e+00 4.639404296875000000e+00
2.449341516745717762e+00 5.559524651231436465e+00 5.559524651231436465e+00 0.000000000000000000e+00 3.375000000000000000e+00 6.868164062500000000e+00
2.431380669275919448e+00 7.554601159589044101e+00 7.554601159589044101e+00 0.000000000000000000e+00 4.845214843750000000e+00 7.159667968750000000e+00
2.404693165717766146e+00 6.583022610894564863e+00 6.583022610894564863e+00 0.000000000000000000e+00 1.950927734375000000e+00 7.767578125000000000e+00
2.389165005140137410e+00 8.390227646663271699e+00 8.390227646663271699e+00 0.000000000000000000e+00 4.226074218750000000e-01 7.772216796875000000e+00
2.371364506364565639e+00 6.050184282763250820e+00 6.050184282763250820e+00 0.000000000000000000e+00 3.901367187500000000e+00 6.312011718750000000e+00
2.401472037298637563e+00 7.717231191437820215e+00 7.717231191437820215e+00 0.000000000000000000e+00 1.045068359375000000e+01 4.990966796875000000e+00
2.439988133502982492e+00 6.217212134394152656e+00 6.217212134394152656e+00 0.000000000000000000e+00 5.288085937500000000e-01 9.078857421875000000e+00
2.351400170409888357e+00 6.817016124725341797e+00 6.817016124725341797e+00 0.000000000000000000e+00 1.020507812500000000e+00 9.198486328125000000e+00
2.402772549648731104e+00 6.761964781530972246e+00 6.761964781530972246e+00 0.000000000000000000e+00 1.568359375000000000e+00 8.397460937500000000e+00
2.443984429041544448e+00 6.477056322426631318e+00 6.477056322426631318e+00 0.000000000000000000e+00 7.048339843750000000e-01 9.310546875000000000e+00
2.457017999643470674e+00 5.844579022506187549e+00 5.844579022506187549e+00 0.000000000000000000e+00 1.750488281250000000e-01 1.022119140625000000e+01
2.398538691955700131e+00 5.934260894512307871e+00 5.934260894512307871e+00 0.000000000000000000e+00 3.713378906250000000e-01 9.522460937500000000e+00
2.436662173062039916e+00 6.770536932451971524e+00 6.770536932451971524e+00 0.000000000000000000e+00 1.016113281250000000e+00 8.443847656250000000e+00
2.480480216399968185e+00 7.116858729000749229e+00 7.116858729000749229e+00 0.000000000000000000e+00 4.396972656250000000e-01 8.632568359375000000e+00
2.409155997442223196e+00 7.707704067230224609e+00 7.707704067230224609e+00 0.000000000000000000e+00 2.844238281250000000e-01 9.186035156250000000e+00
2.401053927098101504e+00 5.752785732006204356e+00 5.752785732006204356e+00 0.000000000000000000e+00 4.998046875000000000e+00 6.875976562500000000e+00
2.524384648827781241e+00 6.277188547726335166e+00 6.277188547726335166e+00 0.000000000000000000e+00 6.699218750000000000e-01 1.012963867187500000e+01
2.388695359752889047e+00 7.344406062159045234e+00 7.344406062159045234e+00 0.000000000000000000e+00 1.327148437500000000e+00 7.419433593750000000e+00
2.374130506961666498e+00 7.412643547715811465e+00 7.412643547715811465e+00 0.000000000000000000e+00 3.870361328125000000e+00 4.451416015625000000e+00
2.423260006988257498e+00 6.480448098018251279e+00 6.480448098018251279e+00 0.000000000000000000e+00 4.692382812500000000e-01 9.527832031250000000e+00
2.368498704586810000e+00 5.781806288094355928e+00 5.781806288094355928e+00 0.000000000000000000e+00 1.360595703125000000e+00 7.994384765625000000e+00
2.382500038160915157e+00 7.950015068054199219e+00 7.950015068054199219e+00 0.000000000000000000e+00 3.815917968750000000e-01 9.741455078125000000e+00
2.431253133810054479e+00 8.172629208400332246e+00 8.172629208400332246e+00 0.000000000000000000e+00 2.807617187500000000e-01 1.027783203125000000e+01
2.458528941834879245e+00 7.928667413777318096e+00 7.928667413777318096e+00 0.000000000000000000e+00 5.529785156250000000e-01 8.784423828125000000e+00
2.338220109019363058e+00 7.053011351618273750e+00 7.053011351618273750e+00 0.000000000000000000e+00 9.567871093750000000e-01 8.026855468750000000e+00
2.426290382070150908e+00 7.026422188199799912e+00 7.026422188199799912e+00 0.000000000000000000e+00 1.062182617187500000e+01 5.383789062500000000e+00
2.424013275849191906e+00 7.361307440132930147e+00 7.361307440132930147e+00 0.000000000000000000e+00 2.030273437500000000e+00 8.117187500000000000e+00
2.350192947694432544e+00 6.563981269967967158e+00 6.563981269967967158e+00 0.000000000000000000e+00 1.439697265625000000e+00 7.423828125000000000e+00
2.365506803083140763e+00 7.712667563865924336e+00 7.712667563865924336e+00 0.000000000000000000e+00 5.253906250000000000e-01 1.027197265625000000e+01
