2.989465170076578033e+03 2.985582128906250091e+03 2.985582128906250091e+03 0.000000000000000000e+00 2.972091308593750000e+03 3.000223876953125000e+03
2.982034477007271107e+03 2.976565625000000182e+03 2.976565625000000182e+03 0.000000000000000000e+00 2.961975585937500000e+03 2.989528564453125000e+03
2.971268264619430738e+03 2.963715283203125182e+03 2.963715283203125182e+03 0.000000000000000000e+00 2.949193115234375000e+03 2.976101318359375000e+03
2.956486930016243605e+03 2.946660351562500182e+03 2.946660351562500182e+03 0.000000000000000000e+00 2.929961181640625000e+03 2.954649658203125000e+03
2.937450219484839181e+03 2.925353466796875182e+03 2.925353466796875182e+03 0.000000000000000000e+00 2.906200683593750000e+03 2.929579101562500000e+03
2.914221715946008771e+03 2.899951318359374909e+03 2.899951318359374909e+03 0.000000000000000000e+00 2.879884277343750000e+03 2.900504638671875000e+03
2.887007947865099140e+03 2.870686621093750091e+03 2.870686621093750091e+03 0.000000000000000000e+00 2.848639648437500000e+03 2.868931152343750000e+03
2.856032446530785819e+03 2.837800976562500182e+03 2.837800976562500182e+03 0.000000000000000000e+00 2.821703125000000000e+03 2.842549316406250000e+03
2.821572384069461805e+03 2.801573193359375182e+03 2.801573193359375182e+03 0.000000000000000000e+00 2.788002929687500000e+03 2.808108154296875000e+03
2.783889496151763524e+03 2.762261914062500182e+03 2.762261914062500182e+03 0.000000000000000000e+00 2.748924560546875000e+03 2.766707031250000000e+03
2.743242808729115040e+03 2.720123974609375182e+03 2.720123974609375182e+03 0.000000000000000000e+00 2.706895263671875000e+03 2.723333984375000000e+03
2.699886411761293402e+03 2.675408105468749909e+03 2.675408105468749909e+03 0.000000000000000000e+00 2.661884765625000000e+03 2.677750244140625000e+03
2.654062599106590369e+03 2.628352001953125182e+03 2.628352001953125182e+03 0.000000000000000000e+00 2.614854492187500000e+03 2.629914306640625000e+03
2.606005064105043402e+03 2.579181640625000000e+03 2.579181640625000000e+03 0.000000000000000000e+00 2.565771972656250000e+03 2.579483886718750000e+03
2.555934949818224140e+03 2.528114453125000182e+03 2.528114453125000182e+03 0.000000000000000000e+00 2.509285644531250000e+03 2.520985595703125000e+03
2.504058533319152048e+03 2.475342919921874909e+03 2.475342919921874909e+03 0.000000000000000000e+00 2.462134277343750000e+03 2.474689208984375000e+03
2.450572239035427174e+03 2.421064892578125182e+03 2.421064892578125182e+03 0.000000000000000000e+00 2.407771972656250000e+03 2.419624023437500000e+03
2.395660765392945450e+03 2.365455322265625000e+03 2.365455322265625000e+03 0.000000000000000000e+00 2.352109863281250000e+03 2.363275146484375000e+03
2.339495818185333974e+03 2.308680175781250000e+03 2.308680175781250000e+03 0.000000000000000000e+00 2.295316406250000000e+03 2.306036621093750000e+03
2.282238501218285819e+03 2.250895068359374818e+03 2.250895068359374818e+03 0.000000000000000000e+00 2.237502197265625000e+03 2.247939941406250000e+03
2.224040399230352705e+03 2.192245068359375182e+03 2.192245068359375182e+03 0.000000000000000000e+00 2.178347167968750000e+03 2.191530029296875000e+03
2.165038027923886148e+03 2.132862988281250182e+03 2.132862988281250182e+03 0.000000000000000000e+00 2.119313232421875000e+03 2.129908691406250000e+03
2.105365108678836805e+03 2.072876904296875182e+03 2.072876904296875182e+03 0.000000000000000000e+00 2.059394531250000000e+03 2.070159667968750000e+03
2.045142619217976517e+03 2.012402709960937500e+03 2.012402709960937500e+03 0.000000000000000000e+00 1.998902343750000000e+03 2.009318847656250000e+03
1.984483306582611476e+03 1.951549267578124955e+03 1.951549267578124955e+03 0.000000000000000000e+00 1.938039306640625000e+03 1.948533081054687500e+03
1.923491983243734467e+03 1.890417236328125000e+03 1.890417236328125000e+03 0.000000000000000000e+00 1.876922485351562500e+03 1.887491577148437500e+03
1.862266110864016127e+03 1.829103344726562455e+03 1.829103344726562455e+03 0.000000000000000000e+00 1.814866088867187500e+03 1.826716918945312500e+03
1.800895726572168996e+03 1.767682739257812500e+03 1.767682739257812500e+03 0.000000000000000000e+00 1.753976562500000000e+03 1.765139526367187500e+03
1.739462946221379980e+03 1.706246801757812591e+03 1.706246801757812591e+03 0.000000000000000000e+00 1.692678222656250000e+03 1.703785766601562500e+03
1.678046595809483279e+03 1.644865917968749955e+03 1.644865917968749955e+03 0.000000000000000000e+00 1.631249023437500000e+03 1.642601196289062500e+03
1.616717125618811906e+03 1.583607690429687409e+03 1.583607690429687409e+03 0.000000000000000000e+00 1.569735229492187500e+03 1.581826538085937500e+03
1.555540250570467151e+03 1.522535253906250091e+03 1.522535253906250091e+03 0.000000000000000000e+00 1.508926025390625000e+03 1.521053588867187500e+03
1.494575978496287235e+03 1.461706054687500000e+03 1.461706054687500000e+03 0.000000000000000000e+00 1.447411254882812500e+03 1.459374755859375000e+03
1.433880308245668402e+03 1.401175561523437409e+03 1.401175561523437409e+03 0.000000000000000000e+00 1.383098876953125000e+03 1.399900512695312500e+03
1.373503839776067480e+03 1.340984643554687409e+03 1.340984643554687409e+03 0.000000000000000000e+00 1.327350952148437500e+03 1.340212524414062500e+03
1.313492728960396107e+03 1.281186206054687545e+03 1.281186206054687545e+03 0.000000000000000000e+00 1.266983764648437500e+03 1.278406616210937500e+03
1.253890398988629386e+03 1.221816918945312409e+03 1.221816918945312409e+03 0.000000000000000000e+00 1.208113403320312500e+03 1.219089965820312500e+03
1.194735542523978893e+03 1.162915258789062591e+03 1.162915258789062591e+03 0.000000000000000000e+00 1.149217041015625000e+03 1.159739013671875000e+03
1.136063354492187500e+03 1.104513989257812455e+03 1.104513989257812455e+03 0.000000000000000000e+00 1.086574829101562500e+03 1.096237304687500000e+03
1.077906474802753792e+03 1.046643164062500091e+03 1.046643164062500091e+03 0.000000000000000000e+00 1.033114990234375000e+03 1.046440063476562500e+03
1.020292724609375000e+03 9.893304321289062955e+02 9.893304321289062955e+02 0.000000000000000000e+00 9.756699218750000000e+02 9.857608642578125000e+02
9.632491382561107685e+02 9.326004516601562955e+02 9.326004516601562955e+02 0.000000000000000000e+00 9.188916015625000000e+02 9.280419921875000000e+02
9.067991677463644464e+02 8.764766357421874545e+02 8.764766357421874545e+02 0.000000000000000000e+00 8.592617187500000000e+02 8.679946289062500000e+02
8.509639536036123673e+02 8.209767211914062273e+02 8.209767211914062273e+02 0.000000000000000000e+00 8.074282226562500000e+02 8.191538085937500000e+02
7.957609047464804917e+02 7.661198974609375227e+02 7.661198974609375227e+02 0.000000000000000000e+00 7.510949707031250000e+02 7.601491699218750000e+02
7.412077981174581964e+02 7.119195312499999773e+02 7.119195312499999773e+02 0.000000000000000000e+00 6.981972656250000000e+02 7.070251464843750000e+02
6.873186796584932381e+02 6.583900512695312273e+02 6.583900512695312273e+02 0.000000000000000000e+00 6.445935058593750000e+02 6.529189453125000000e+02
6.341062591854888524e+02 6.055445678710937045e+02 6.055445678710937045e+02 0.000000000000000000e+00 5.915561523437500000e+02 6.038730468750000000e+02
5.815807978563969982e+02 5.533905395507812273e+02 5.533905395507812273e+02 0.000000000000000000e+00 5.387292480468750000e+02 5.472331542968750000e+02
5.297520368217241185e+02 5.019373291015625114e+02 5.019373291015625114e+02 0.000000000000000000e+00 4.875627441406250000e+02 4.956877441406250000e+02
4.786274592333500664e+02 4.511921386718750000e+02 4.511921386718750000e+02 0.000000000000000000e+00 4.376960449218750000e+02 4.500783691406250000e+02
4.282133184754022182e+02 4.011596374511718750e+02 4.011596374511718750e+02 0.000000000000000000e+00 3.875058593750000000e+02 3.952302246093750000e+02
3.785141238977413423e+02 3.518444274902343523e+02 3.518444274902343523e+02 0.000000000000000000e+00 3.375681152343750000e+02 3.449528808593750000e+02
3.295341796875000000e+02 3.032512634277343864e+02 3.032512634277343864e+02 0.000000000000000000e+00 2.849055175781250000e+02 2.924453125000000000e+02
2.812755580184483506e+02 2.553793792724609375e+02 2.553793792724609375e+02 0.000000000000000000e+00 2.406113281250000000e+02 2.486335449218750000e+02
2.337399745223545722e+02 2.082317230224609261e+02 2.082317230224609261e+02 0.000000000000000000e+00 1.944863281250000000e+02 2.015039062500000000e+02
1.869281107081044979e+02 1.618064392089843864e+02 1.618064392089843864e+02 0.000000000000000000e+00 1.471464843750000000e+02 1.537414550781250000e+02
1.408397067985912372e+02 1.161041534423828097e+02 1.161041534423828097e+02 0.000000000000000000e+00 1.023395996093750000e+02 1.109836425781250000e+02
9.547300818414971957e+01 7.112427215576171591e+01 7.112427215576171591e+01 0.000000000000000000e+00 5.759765625000000000e+01 6.510717773437500000e+01
5.103962830269690443e+01 2.904624443054199290e+01 2.904624443054199290e+01 0.000000000000000000e+00 1.186499023437500000e+01 2.327075195312500000e+01
1.299046619811860559e+01 5.501969432830810192e+00 5.501969432830810192e+00 0.000000000000000000e+00 4.325488281250000000e+01 2.399267578125000000e+01
4.011771575059040806e+00 3.247113037109374822e+00 3.247113037109374822e+00 0.000000000000000000e+00 2.944677734375000000e+01 4.721679687500000000e+00
3.489938997986293145e+00 2.881013727188110440e+00 2.881013727188110440e+00 0.000000000000000000e+00 2.128491210937500000e+01 5.907470703125000000e+00
2.506224559085203918e+00 2.190745019912719638e+00 2.190745019912719638e+00 0.000000000000000000e+00 2.539794921875000000e+01 7.173095703125000000e+00
1.959574981491164491e+00 1.760079717636108487e+00 1.760079717636108487e+00 0.000000000000000000e+00 1.372900390625000000e+01 7.319335937500000000e+00
1.674794048365980004e+00 1.370762205123901456e+00 1.370762205123901456e+00 0.000000000000000000e+00 1.407861328125000000e+01 3.047363281250000000e+00
1.408571930214910228e+00 8.777018904685973677e-01 8.777018904685973677e-01 0.000000000000000000e+00 1.258178710937500000e+01 3.113769531250000000e+00
1.369902732348678098e+00 1.413331747055053711e+00 1.413331747055053711e+00 0.000000000000000000e+00 1.790722656250000000e+01 4.701171875000000000e+00
1.311438672613389311e+00 7.895101070404052512e-01 7.895101070404052512e-01 0.000000000000000000e+00 1.690771484375000000e+01 6.304931640625000000e+00
1.279145659786639744e+00 6.547441005706786665e-01 6.547441005706786665e-01 0.000000000000000000e+00 5.593261718750000000e+00 1.976074218750000000e+00
1.268900951536575228e+00 6.946133613586426003e-01 6.946133613586426003e-01 0.000000000000000000e+00 7.684082031250000000e+00 2.416503906250000000e+00
1.151634991168975830e+00 5.573016285896301714e-01 5.573016285896301714e-01 0.000000000000000000e+00 9.039550781250000000e+00 3.273193359375000000e+00
1.168931948076380456e+00 5.687319159507751021e-01 5.687319159507751021e-01 0.000000000000000000e+00 5.950927734375000000e+00 1.703369140625000000e+00
1.194303776958201224e+00 5.958861112594604492e-01 5.958861112594604492e-01 0.000000000000000000e+00 1.153222656250000000e+01 2.458496093750000000e+00
1.138232998328633894e+00 8.756038069725036177e-01 8.756038069725036177e-01 0.000000000000000000e+00 5.440673828125000000e+00 2.412353515625000000e+00
1.229472332071549712e+00 3.656028151512146218e-01 3.656028151512146218e-01 0.000000000000000000e+00 1.014086914062500000e+01 2.858642578125000000e+00
1.118113020268997282e+00 3.896927356719970814e-01 3.896927356719970814e-01 0.000000000000000000e+00 4.620361328125000000e+00 1.585449218750000000e+00
1.133415609303087379e+00 3.922074317932128795e-01 3.922074317932128795e-01 0.000000000000000000e+00 6.634277343750000000e+00 1.591308593750000000e+00
1.066408912734229997e+00 8.586294174194335493e-01 8.586294174194335493e-01 0.000000000000000000e+00 8.995849609375000000e+00 1.802734375000000000e+00
1.115509644593342786e+00 6.454033255577087402e-01 6.454033255577087402e-01 0.000000000000000000e+00 6.818359375000000000e+00 2.424560546875000000e+00
1.112673640251159668e+00 7.136595964431762251e-01 7.136595964431762251e-01 0.000000000000000000e+00 6.969726562500000000e+00 9.453125000000000000e-01
1.158915315524186251e+00 2.985410153865813987e-01 2.985410153865813987e-01 0.000000000000000000e+00 6.567138671875000000e+00 2.509277343750000000e+00
1.105474275822686758e+00 4.749222040176391824e-01 4.749222040176391824e-01 0.000000000000000000e+00 9.686767578125000000e+00 6.600585937500000000e+00
1.108388245695888452e+00 4.131343722343444602e-01 4.131343722343444602e-01 0.000000000000000000e+00 1.145800781250000000e+01 4.845214843750000000e+00
1.054626381633305243e+00 3.585604906082153209e-01 3.585604906082153209e-01 0.000000000000000000e+00 2.902832031250000000e+00 1.352539062500000000e+00
1.069275127779139245e+00 5.010011672973633257e-01 5.010011672973633257e-01 0.000000000000000000e+00 5.133544921875000000e+00 2.184570312500000000e+00
1.071609794503391333e+00 2.402202308177948109e-01 2.402202308177948109e-01 0.000000000000000000e+00 4.215332031250000000e+00 1.665771484375000000e+00
1.112643224177974233e+00 8.864390134811401811e-01 8.864390134811401811e-01 0.000000000000000000e+00 5.267822265625000000e+00 8.535156250000000000e-01
1.185524744562583388e+00 9.066519975662231667e-01 9.066519975662231667e-01 0.000000000000000000e+00 9.011230468750000000e+00 2.707763671875000000e+00
1.178458958274066992e+00 4.222074449062347412e-01 4.222074449062347412e-01 0.000000000000000000e+00 4.875732421875000000e+00 1.520751953125000000e+00
1.055088442741054067e+00 4.207628309726715310e-01 4.207628309726715310e-01 0.000000000000000000e+00 5.525634765625000000e+00 1.915283203125000000e+00
1.063925313477468881e+00 2.871677458286285289e-01 2.871677458286285289e-01 0.000000000000000000e+00 4.427001953125000000e+00 1.213378906250000000e+00
1.041965804477729352e+00 2.758759617805480735e-01 2.758759617805480735e-01 0.000000000000000000e+00 5.387207031250000000e+00 6.508789062500000000e-01
1.052084232320879886e+00 8.639963984489440474e-01 8.639963984489440474e-01 0.000000000000000000e+00 1.082128906250000000e+01 2.796630859375000000e+00
1.101253261660585236e+00 3.282425999641418457e-01 3.282425999641418457e-01 0.000000000000000000e+00 1.880126953125000000e+00 1.232177734375000000e+00
1.071641919931562770e+00 3.035609662532806619e-01 3.035609662532806619e-01 0.000000000000000000e+00 6.155517578125000000e+00 1.188720703125000000e+00
1.037469274926893892e+00 1.951330184936523326e-01 1.951330184936523326e-01 0.000000000000000000e+00 5.242675781250000000e+00 9.504394531250000000e-01
1.094925187601901495e+00 4.375041544437408558e-01 4.375041544437408558e-01 0.000000000000000000e+00 2.236328125000000000e+00 1.645996093750000000e+00
1.151678731535920930e+00 3.702458024024963268e-01 3.702458024024963268e-01 0.000000000000000000e+00 3.472412109375000000e+00 9.807128906250000000e-01
1.101338516367543985e+00 5.921536564826965776e-01 5.921536564826965776e-01 0.000000000000000000e+00 2.112060546875000000e+00 9.624023437500000000e-01
1.077612226552302266e+00 2.591753095388412698e-01 2.591753095388412698e-01 0.000000000000000000e+00 7.658203125000000000e+00 2.469238281250000000e+00
1.087583084507743880e+00 3.537265241146087535e-01 3.537265241146087535e-01 0.000000000000000000e+00 5.823974609375000000e+00 7.785644531250000000e-01
1.085985737271828233e+00 2.535091161727905384e-01 2.535091161727905384e-01 0.000000000000000000e+00 2.824707031250000000e+00 7.380371093750000000e-01
1.034957912888857301e+00 2.854992806911468284e-01 2.854992806911468284e-01 0.000000000000000000e+00 4.782714843750000000e+00 1.359863281250000000e+00
1.040205899441596360e+00 6.264259219169616699e-01 6.264259219169616699e-01 0.000000000000000000e+00 3.791992187500000000e+00 1.603027343750000000e+00
1.165716988025325307e+00 3.781561732292175182e-01 3.781561732292175182e-01 0.000000000000000000e+00 7.531005859375000000e+00 2.256591796875000000e+00
1.064794886230242099e+00 2.569395899772644043e-01 2.569395899772644043e-01 0.000000000000000000e+00 3.826660156250000000e+00 1.036621093750000000e+00
1.049109430596379955e+00 2.285006165504455677e-01 2.285006165504455677e-01 0.000000000000000000e+00 6.742675781250000000e+00 1.373535156250000000e+00
1.105150100618305764e+00 4.933422207832336426e-01 4.933422207832336426e-01 0.000000000000000000e+00 2.527099609375000000e+00 9.545898437500000000e-01
1.025707070190127634e+00 5.321459412574768288e-01 5.321459412574768288e-01 0.000000000000000000e+00 2.367431640625000000e+00 1.328369140625000000e+00
1.085834847818506921e+00 2.339854121208190807e-01 2.339854121208190807e-01 0.000000000000000000e+00 4.832519531250000000e+00 1.178955078125000000e+00
1.091355692632127505e+00 5.082246899604797585e-01 5.082246899604797585e-01 0.000000000000000000e+00 5.314208984375000000e+00 2.103759765625000000e+00
1.065489877273540609e+00 4.018209934234618919e-01 4.018209934234618919e-01 0.000000000000000000e+00 7.170166015625000000e+00 9.521484375000000000e-01
1.092503080273618865e+00 5.106647670269012229e-01 5.106647670269012229e-01 0.000000000000000000e+00 3.788085937500000000e+00 4.462890625000000000e-01
1.099234670695691918e+00 2.097770154476165660e-01 2.097770154476165660e-01 0.000000000000000000e+00 3.399169921875000000e+00 9.414062500000000000e-01
1.038582398159669129e+00 2.576440632343292014e-01 2.576440632343292014e-01 0.000000000000000000e+00 4.539306640625000000e+00 1.305664062500000000e+00
1.041695926449086373e+00 2.407703876495361217e-01 2.407703876495361217e-01 0.000000000000000000e+00 3.328857421875000000e+00 1.097656250000000000e+00
1.091780892398097835e+00 2.478475928306579645e-01 2.478475928306579645e-01 0.000000000000000000e+00 5.441162109375000000e+00 6.772460937500000000e-01
1.085605339838726646e+00 6.907201886177063432e-01 6.907201886177063432e-01 0.000000000000000000e+00 1.603271484375000000e+00 1.757812500000000000e+00
1.115871352724509658e+00 3.716664195060729869e-01 3.716664195060729869e-01 0.000000000000000000e+00 2.349609375000000000e+00 5.444335937500000000e-01
1.035703458408318012e+00 2.234745234251022394e-01 2.234745234251022394e-01 0.000000000000000000e+00 3.041992187500000000e+00 6.789550781250000000e-01
1.029804677066236351e+00 1.842910438776016180e-01 1.842910438776016180e-01 0.000000000000000000e+00 2.519042968750000000e+00 9.108886718750000000e-01
1.046979535334181088e+00 2.479154407978057806e-01 2.479154407978057806e-01 0.000000000000000000e+00 3.752929687500000000e+00 1.028564453125000000e+00
1.034078967453229581e+00 3.495680212974548451e-01 3.495680212974548451e-01 0.000000000000000000e+00 2.074462890625000000e+00 7.424316406250000000e-01
1.043240964707761620e+00 4.187319874763488770e-01 4.187319874763488770e-01 0.000000000000000000e+00 5.600585937500000000e+00 1.883789062500000000e+00
1.047600016440495496e+00 2.987068921327590831e-01 2.987068921327590831e-01 0.000000000000000000e+00 3.578613281250000000e+00 8.898925781250000000e-01
1.026199157875363088e+00 4.969188928604125755e-01 4.969188928604125755e-01 0.000000000000000000e+00 5.305175781250000000e+00 1.722656250000000000e+00
1.057569352707060206e+00 3.141670227050781250e-01 3.141670227050781250e-01 0.000000000000000000e+00 3.802978515625000000e+00 1.537109375000000000e+00
1.052319485362213536e+00 3.331570565700531228e-01 3.331570565700531228e-01 0.000000000000000000e+00 1.530029296875000000e+00 5.095214843750000000e-01
1.049486519676623875e+00 1.632276713848113958e-01 1.632276713848113958e-01 0.000000000000000000e+00 3.678466796875000000e+00 8.266601562500000000e-01
1.023767002000667059e+00 2.228551208972930908e-01 2.228551208972930908e-01 0.000000000000000000e+00 2.876953125000000000e+00 5.280761718750000000e-01
1.032606661909877710e+00 2.151524186134338434e-01 2.151524186134338434e-01 0.000000000000000000e+00 5.358398437500000000e+00 9.194335937500000000e-01
1.056459984566905819e+00 2.709388166666030773e-01 2.709388166666030773e-01 0.000000000000000000e+00 3.736328125000000000e+00 6.530761718750000000e-01
1.020991718414986593e+00 3.880405783653259055e-01 3.880405783653259055e-01 0.000000000000000000e+00 5.041015625000000000e+00 1.675292968750000000e+00
1.013351033524711564e+00 2.908226996660232544e-01 2.908226996660232544e-01 0.000000000000000000e+00 3.841308593750000000e+00 1.077880859375000000e+00
1.044775313670092354e+00 1.796954751014709362e-01 1.796954751014709362e-01 0.000000000000000000e+00 5.604248046875000000e+00 1.091064453125000000e+00
1.021073677162132709e+00 1.341644406318664440e-01 1.341644406318664440e-01 0.000000000000000000e+00 4.829101562500000000e+00 1.037841796875000000e+00
1.010256426169140465e+00 2.784684002399444580e-01 2.784684002399444580e-01 0.000000000000000000e+00 4.364501953125000000e+00 1.327636718750000000e+00
1.032552145495273077e+00 1.945130169391632025e-01 1.945130169391632025e-01 0.000000000000000000e+00 3.551269531250000000e+00 1.139648437500000000e+00
1.023916911370683414e+00 1.515011057257652227e-01 1.515011057257652227e-01 0.000000000000000000e+00 2.728027343750000000e+00 8.603515625000000000e-01
1.025973562556918406e+00 2.316438794136047308e-01 2.316438794136047308e-01 0.000000000000000000e+00 4.435058593750000000e+00 8.603515625000000000e-01
1.065225404087859706e+00 1.653164684772491511e-01 1.653164684772491511e-01 0.000000000000000000e+00 3.644042968750000000e+00 9.304199218750000000e-01
1.047737072599996377e+00 3.394528567790985329e-01 3.394528567790985329e-01 0.000000000000000000e+00 1.968750000000000000e+00 7.460937500000000000e-01
1.035148766961428102e+00 3.183695077896118164e-01 3.183695077896118164e-01 0.000000000000000000e+00 3.425781250000000000e+00 3.996582031250000000e-01
1.026594748591432404e+00 2.314264267683029119e-01 2.314264267683029119e-01 0.000000000000000000e+00 5.489990234375000000e+00 9.792480468750000000e-01
1.023408584665543852e+00 3.105044066905975342e-01 3.105044066905975342e-01 0.000000000000000000e+00 3.807617187500000000e+00 4.936523437500000000e-01
1.028944220430780154e+00 2.528089702129364125e-01 2.528089702129364125e-01 0.000000000000000000e+00 4.664794921875000000e+00 1.492675781250000000e+00
1.055937219964395712e+00 4.493849873542785645e-01 4.493849873542785645e-01 0.000000000000000000e+00 2.927978515625000000e+00 1.818359375000000000e+00
1.008331281418847647e+00 4.168607473373412975e-01 4.168607473373412975e-01 0.000000000000000000e+00 3.108398437500000000e+00 4.851074218750000000e-01
1.093908620352792349e+00 3.783236205577850120e-01 3.783236205577850120e-01 0.000000000000000000e+00 5.057128906250000000e+00 1.698242187500000000e+00
1.034283333485669365e+00 1.816550761461258046e-01 1.816550761461258046e-01 0.000000000000000000e+00 3.825439453125000000e+00 9.367675781250000000e-01
1.024622430895814729e+00 2.893111109733581543e-01 2.893111109733581543e-01 0.000000000000000000e+00 3.782714843750000000e+00 1.244873046875000000e+00
1.015093069265384562e+00 1.644293189048767201e-01 1.644293189048767201e-01 0.000000000000000000e+00 2.771240234375000000e+00 7.983398437500000000e-01
1.036811820351251301e+00 1.300803333520889338e-01 1.300803333520889338e-01 0.000000000000000000e+00 3.858154296875000000e+00 1.179443359375000000e+00
1.025314757434448332e+00 1.187879353761673029e-01 1.187879353761673029e-01 0.000000000000000000e+00 2.271728515625000000e+00 8.090820312500000000e-01
1.017064164623175504e+00 2.586331695318221935e-01 2.586331695318221935e-01 0.000000000000000000e+00 2.883056640625000000e+00 4.355468750000000000e-01
1.014802593700956601e+00 1.214079916477203425e-01 1.214079916477203425e-01 0.000000000000000000e+00 2.481689453125000000e+00 7.246093750000000000e-01
1.008432788423972548e+00 3.684865176677704079e-01 3.684865176677704079e-01 0.000000000000000000e+00 4.061279296875000000e+00 3.969726562500000000e-01
1.007336682612353096e+00 2.596083343029021995e-01 2.596083343029021995e-01 0.000000000000000000e+00 3.218994140625000000e+00 1.467285156250000000e+00
1.048510253724485253e+00 2.234963834285736139e-01 2.234963834285736139e-01 0.000000000000000000e+00 3.429931640625000000e+00 7.785644531250000000e-01
1.012112652901375753e+00 1.141508638858795138e-01 1.141508638858795138e-01 0.000000000000000000e+00 3.050048828125000000e+00 8.342285156250000000e-01
1.019005901742689790e+00 1.498887225985527094e-01 1.498887225985527094e-01 0.000000000000000000e+00 2.949462890625000000e+00 6.135253906250000000e-01
1.027788999057052122e+00 1.421082437038421742e-01 1.421082437038421742e-01 0.000000000000000000e+00 4.216796875000000000e+00 1.565429687500000000e+00
1.026325735715356124e+00 1.433088302612304799e-01 1.433088302612304799e-01 0.000000000000000000e+00 2.894042968750000000e+00 1.263916015625000000e+00
1.024306729288384510e+00 1.988788843154907227e-01 1.988788843154907227e-01 0.000000000000000000e+00 3.328125000000000000e+00 6.315917968750000000e-01
1.024067348772936592e+00 1.434210956096649281e-01 1.434210956096649281e-01 0.000000000000000000e+00 3.461669921875000000e+00 1.252929687500000000e+00
1.006501133489136723e+00 1.167200222611427252e-01 1.167200222611427252e-01 0.000000000000000000e+00 2.031494140625000000e+00 9.250488281250000000e-01
1.013390230070246423e+00 1.613624215126037709e-01 1.613624215126037709e-01 0.000000000000000000e+00 3.291503906250000000e+00 1.072265625000000000e+00
1.007406162743521127e+00 1.223227679729461670e-01 1.223227679729461670e-01 0.000000000000000000e+00 3.117187500000000000e+00 1.031494140625000000e+00
1.017191031191608586e+00 1.305683493614196722e-01 1.305683493614196722e-01 0.000000000000000000e+00 3.477539062500000000e+00 9.848632812500000000e-01
1.016494019196765297e+00 1.392846405506134033e-01 1.392846405506134033e-01 0.000000000000000000e+00 4.881591796875000000e+00 1.443359375000000000e+00
1.014375636630719280e+00 1.341783553361892700e-01 1.341783553361892700e-01 0.000000000000000000e+00 3.755859375000000000e+00 1.294677734375000000e+00
1.001936516549327694e+00 1.056770116090774564e-01 1.056770116090774564e-01 0.000000000000000000e+00 3.170166015625000000e+00 7.834472656250000000e-01
1.008592887680129335e+00 1.614678978919982799e-01 1.614678978919982799e-01 0.000000000000000000e+00 2.979492187500000000e+00 8.623046875000000000e-01
1.011430652719913059e+00 1.255266636610031239e-01 1.255266636610031239e-01 0.000000000000000000e+00 2.645263671875000000e+00 7.932128906250000000e-01
1.006660891051339712e+00 1.159183695912361090e-01 1.159183695912361090e-01 0.000000000000000000e+00 3.880371093750000000e+00 1.036865234375000000e+00
1.002700859367257280e+00 1.014156013727188083e-01 1.014156013727188083e-01 0.000000000000000000e+00 3.494873046875000000e+00 1.082763671875000000e+00
1.024169255011152524e+00 1.448771774768829457e-01 1.448771774768829457e-01 0.000000000000000000e+00 3.504394531250000000e+00 1.238525390625000000e+00
1.025481768763891521e+00 1.359064400196075550e-01 1.359064400196075550e-01 0.000000000000000000e+00 2.423339843750000000e+00 7.326660156250000000e-01
1.000057042825340137e+00 1.542173594236374012e-01 1.542173594236374012e-01 0.000000000000000000e+00 2.920410156250000000e+00 1.130371093750000000e+00
1.010788679122924805e+00 1.540941625833511242e-01 1.540941625833511242e-01 0.000000000000000000e+00 3.103759765625000000e+00 1.003173828125000000e+00
1.009579895746589795e+00 1.348542943596839905e-01 1.348542943596839905e-01 0.000000000000000000e+00 3.478515625000000000e+00 9.038085937500000000e-01
1.003030963463358294e+00 1.276335969567298778e-01 1.276335969567298778e-01 0.000000000000000000e+00 3.222167968750000000e+00 1.011230468750000000e+00
1.012260725002477768e+00 1.354696750640869141e-01 1.354696750640869141e-01 0.000000000000000000e+00 2.691162109375000000e+00 9.904785156250000000e-01
1.053290280965295089e+00 1.521491944789886419e-01 1.521491944789886419e-01 0.000000000000000000e+00 3.823730468750000000e+00 1.217773437500000000e+00
1.005462766873954639e+00 1.727180227637291066e-01 1.727180227637291066e-01 0.000000000000000000e+00 2.747314453125000000e+00 7.998046875000000000e-01
1.007143629069375601e+00 1.166204005479812567e-01 1.166204005479812567e-01 0.000000000000000000e+00 3.487548828125000000e+00 1.361816406250000000e+00
1.027658752875753034e+00 1.630770176649093683e-01 1.630770176649093683e-01 0.000000000000000000e+00 2.399658203125000000e+00 1.057373046875000000e+00
1.028234393289773729e+00 1.047513425350189153e-01 1.047513425350189153e-01 0.000000000000000000e+00 2.056396484375000000e+00 9.377441406250000000e-01
1.015472871242183217e+00 9.824034273624419888e-02 9.824034273624419888e-02 0.000000000000000000e+00 2.747314453125000000e+00 8.845214843750000000e-01
1.009166176956478811e+00 9.414313584566116888e-02 9.414313584566116888e-02 0.000000000000000000e+00 3.029785156250000000e+00 1.064697265625000000e+00
1.012099811936369109e+00 9.512834399938582819e-02 9.512834399938582819e-02 0.000000000000000000e+00 3.272216796875000000e+00 1.240966796875000000e+00
1.001751903260108323e+00 1.444082379341125599e-01 1.444082379341125599e-01 0.000000000000000000e+00 2.786621093750000000e+00 9.958496093750000000e-01
1.003343881946979099e+00 1.002154216170310919e-01 1.002154216170310919e-01 0.000000000000000000e+00 2.551269531250000000e+00 8.798828125000000000e-01
1.014095027848045394e+00 1.167033910751342773e-01 1.167033910751342773e-01 0.000000000000000000e+00 2.349609375000000000e+00 7.246093750000000000e-01
1.012548612486017907e+00 1.566855460405349731e-01 1.566855460405349731e-01 0.000000000000000000e+00 3.574951171875000000e+00 1.260742187500000000e+00
1.004977663702303792e+00 1.063245728611946078e-01 1.063245728611946078e-01 0.000000000000000000e+00 2.061523437500000000e+00 8.330078125000000000e-01
1.001589536666870117e+00 1.314344137907028087e-01 1.314344137907028087e-01 0.000000000000000000e+00 2.857421875000000000e+00 1.313720703125000000e+00
1.001766126934844570e+00 1.171780705451965360e-01 1.171780705451965360e-01 0.000000000000000000e+00 2.710449218750000000e+00 9.699707031250000000e-01
9.997639360994395874e-01 1.043324023485183716e-01 1.043324023485183716e-01 0.000000000000000000e+00 2.218017578125000000e+00 9.362792968750000000e-01
