2.989371965218853347e+03 2.992614492187500218e+03 2.992614492187500218e+03 0.000000000000000000e+00 2.992645996093750000e+03 3.012212402343750000e+03
2.983699888115686917e+03 2.986628457031250036e+03 2.986628457031250036e+03 0.000000000000000000e+00 2.985576904296875000e+03 3.004524169921875000e+03
2.976930935689155831e+03 2.978921894531250018e+03 2.978921894531250018e+03 0.000000000000000000e+00 2.975693603515625000e+03 2.994702880859375000e+03
2.968345557610720334e+03 2.969325820312500127e+03 2.969325820312500127e+03 0.000000000000000000e+00 2.963315673828125000e+03 2.982324951171875000e+03
2.957846734659561207e+03 2.957804541015625091e+03 2.957804541015625091e+03 0.000000000000000000e+00 2.949283935546875000e+03 2.967768554687500000e+03
2.945430546034250710e+03 2.944382246093749927e+03 2.944382246093749927e+03 0.000000000000000000e+00 2.933588134765625000e+03 2.952274414062500000e+03
2.931138523127069675e+03 2.929118105468749945e+03 2.929118105468749945e+03 0.000000000000000000e+00 2.918882812500000000e+03 2.937600097656250000e+03
2.915041967935119828e+03 2.912094824218750091e+03 2.912094824218750091e+03 0.000000000000000000e+00 2.902779296875000000e+03 2.921448730468750000e+03
2.897231765443915720e+03 2.893411835937500200e+03 2.893411835937500200e+03 0.000000000000000000e+00 2.884773925781250000e+03 2.902784423828125000e+03
2.877810390042942799e+03 2.873173554687500200e+03 2.873173554687500200e+03 0.000000000000000000e+00 2.866969482421875000e+03 2.885446289062500000e+03
2.856885667813534837e+03 2.851490488281249782e+03 2.851490488281249782e+03 0.000000000000000000e+00 2.846826660156250000e+03 2.865440429687500000e+03
2.834568252664528245e+03 2.828472587890625164e+03 2.828472587890625164e+03 0.000000000000000000e+00 2.817960693359375000e+03 2.836595947265625000e+03
2.810963441962438083e+03 2.804223603515625200e+03 2.804223603515625200e+03 0.000000000000000000e+00 2.800979003906250000e+03 2.819291992187500000e+03
2.786180049668874290e+03 2.778852949218749927e+03 2.778852949218749927e+03 0.000000000000000000e+00 2.775247802734375000e+03 2.793663085937500000e+03
2.760322836364342038e+03 2.752461894531249982e+03 2.752461894531249982e+03 0.000000000000000000e+00 2.747923583984375000e+03 2.765978271484375000e+03
2.733490939310844169e+03 2.725147802734375091e+03 2.725147802734375091e+03 0.000000000000000000e+00 2.720255126953125000e+03 2.738122558593750000e+03
2.705780124689569675e+03 2.697003720703125055e+03 2.697003720703125055e+03 0.000000000000000000e+00 2.692220947265625000e+03 2.709815429687500000e+03
2.677281541028559786e+03 2.668118701171874818e+03 2.668118701171874818e+03 0.000000000000000000e+00 2.661829101562500000e+03 2.680360351562500000e+03
2.648081521950020488e+03 2.638576650390625218e+03 2.638576650390625218e+03 0.000000000000000000e+00 2.630690673828125000e+03 2.648671386718750000e+03
2.618177558141038844e+03 2.608246601562500018e+03 2.608246601562500018e+03 0.000000000000000000e+00 2.592721191406250000e+03 2.609275390625000000e+03
2.587523731762210446e+03 2.577225966796875127e+03 2.577225966796875127e+03 0.000000000000000000e+00 2.568724365234375000e+03 2.584285644531250000e+03
2.556204777395488236e+03 2.545599697265624854e+03 2.545599697265624854e+03 0.000000000000000000e+00 2.538214355468750000e+03 2.556539062500000000e+03
2.524344348225372414e+03 2.513493115234375182e+03 2.513493115234375182e+03 0.000000000000000000e+00 2.506620605468750000e+03 2.524639404296875000e+03
2.492051216176013895e+03 2.481004287109375127e+03 2.481004287109375127e+03 0.000000000000000000e+00 2.474164794921875000e+03 2.491886718750000000e+03
2.459415063314880172e+03 2.448214687499999854e+03 2.448214687499999854e+03 0.000000000000000000e+00 2.441316894531250000e+03 2.458250488281250000e+03
2.426511503712230933e+03 2.415193505859374909e+03 2.415193505859374909e+03 0.000000000000000000e+00 2.408506835937500000e+03 2.425236816406250000e+03
2.393405600036217038e+03 2.382001728515625018e+03 2.382001728515625018e+03 0.000000000000000000e+00 2.375391601562500000e+03 2.391274902343750000e+03
2.360154985642590873e+03 2.348693623046875018e+03 2.348693623046875018e+03 0.000000000000000000e+00 2.341940673828125000e+03 2.356828857421875000e+03
2.326811515353373125e+03 2.315318505859374909e+03 2.315318505859374909e+03 0.000000000000000000e+00 2.308642578125000000e+03 2.323229736328125000e+03
2.293422288907284837e+03 2.281921572265624945e+03 2.281921572265624945e+03 0.000000000000000000e+00 2.274359130859375000e+03 2.287852050781250000e+03
