1.987633611395807520e+03 1.983360034179687545e+03 1.983360034179687545e+03 0.000000000000000000e+00 1.969305541992187500e+03 1.998093750000000000e+03
1.979618751450340369e+03 1.973960937500000000e+03 1.973960937500000000e+03 0.000000000000000000e+00 1.958695312500000000e+03 1.986173583984375000e+03
1.968562559222230902e+03 1.960908447265625000e+03 1.960908447265625000e+03 0.000000000000000000e+00 1.945076538085937500e+03 1.971544921875000000e+03
1.953693393216274671e+03 1.943938818359375091e+03 1.943938818359375091e+03 0.000000000000000000e+00 1.926882080078125000e+03 1.950974365234375000e+03
1.934890633460318668e+03 1.923034545898437500e+03 1.923034545898437500e+03 0.000000000000000000e+00 1.906871459960937500e+03 1.930489990234375000e+03
1.912143670714727705e+03 1.898171948242187455e+03 1.898171948242187455e+03 0.000000000000000000e+00 1.882778564453125000e+03 1.907997314453125000e+03
1.885486817614867050e+03 1.869458544921875045e+03 1.869458544921875045e+03 0.000000000000000000e+00 1.855196411132812500e+03 1.879748291015625000e+03
1.855033488358601517e+03 1.837045727539062455e+03 1.837045727539062455e+03 0.000000000000000000e+00 1.823427978515625000e+03 1.847764648437500000e+03
1.821002378558168402e+03 1.801203662109375045e+03 1.801203662109375045e+03 0.000000000000000000e+00 1.787854492187500000e+03 1.811844482421875000e+03
1.783675737739789611e+03 1.762219213867187591e+03 1.762219213867187591e+03 0.000000000000000000e+00 1.748893554687500000e+03 1.772480590820312500e+03
1.743336070447865040e+03 1.720367822265624909e+03 1.720367822265624909e+03 0.000000000000000000e+00 1.706519165039062500e+03 1.730107788085937500e+03
1.700251510771194262e+03 1.675909155273437591e+03 1.675909155273437591e+03 0.000000000000000000e+00 1.661849731445312500e+03 1.684868652343750000e+03
1.654674774472076024e+03 1.629088574218749955e+03 1.629088574218749955e+03 0.000000000000000000e+00 1.614510986328125000e+03 1.636725585937500000e+03
1.606844472752939282e+03 1.580136254882812409e+03 1.580136254882812409e+03 0.000000000000000000e+00 1.566485107421875000e+03 1.588050415039062500e+03
1.556984493444461577e+03 1.529269409179687500e+03 1.529269409179687500e+03 0.000000000000000000e+00 1.515467163085937500e+03 1.536256958007812500e+03
1.505305610883353893e+03 1.476691479492187455e+03 1.476691479492187455e+03 0.000000000000000000e+00 1.463528076171875000e+03 1.483799804687500000e+03
1.452005511293316886e+03 1.422593652343749909e+03 1.422593652343749909e+03 0.000000000000000000e+00 1.409514404296875000e+03 1.431447998046875000e+03
1.397269326993734467e+03 1.367154589843750045e+03 1.367154589843750045e+03 0.000000000000000000e+00 1.354262084960937500e+03 1.376482666015625000e+03
1.341270281801129386e+03 1.310540161132812500e+03 1.310540161132812500e+03 0.000000000000000000e+00 1.297553955078125000e+03 1.315595703125000000e+03
1.284170527392094755e+03 1.252908105468749909e+03 1.252908105468749909e+03 0.000000000000000000e+00 1.237824829101562500e+03 1.254527099609375000e+03
1.226120581296410819e+03 1.194403027343749955e+03 1.194403027343749955e+03 0.000000000000000000e+00 1.179934204101562500e+03 1.195718872070312500e+03
1.167261550752243238e+03 1.135160595703124955e+03 1.135160595703124955e+03 0.000000000000000000e+00 1.121000976562500000e+03 1.136352050781250000e+03
1.107725317624535819e+03 1.075307128906250000e+03 1.075307128906250000e+03 0.000000000000000000e+00 1.061105346679687500e+03 1.076129394531250000e+03
1.047632582862778463e+03 1.014959875488281227e+03 1.014959875488281227e+03 0.000000000000000000e+00 1.000432006835937500e+03 1.013157043457031250e+03
9.870971607170482685e+02 9.542276367187499773e+02 9.542276367187499773e+02 0.000000000000000000e+00 9.401824951171875000e+02 9.530471191406250000e+02
9.262246927695699696e+02 8.932116210937499545e+02 8.932116210937499545e+02 0.000000000000000000e+00 8.798356933593750000e+02 8.920136718750000000e+02
8.651125609142945905e+02 8.320052001953124545e+02 8.320052001953124545e+02 0.000000000000000000e+00 8.183996582031250000e+02 8.297617187500000000e+02
8.038522822313969982e+02 7.706958374023437273e+02 7.706958374023437273e+02 0.000000000000000000e+00 7.560583496093750000e+02 7.668288574218750000e+02
7.425242992438892315e+02 7.093629638671875455e+02 7.093629638671875455e+02 0.000000000000000000e+00 6.930556640625000000e+02 7.019193115234375000e+02
6.812090037128713220e+02 6.480809082031249773e+02 6.480809082031249773e+02 0.000000000000000000e+00 6.345668945312500000e+02 6.430821533203125000e+02
6.199767601088722131e+02 5.869180908203125000e+02 5.869180908203125000e+02 0.000000000000000000e+00 5.724332275390625000e+02 5.809444580078125000e+02
5.588935226591506762e+02 5.259374145507812273e+02 5.259374145507812273e+02 0.000000000000000000e+00 5.097669677734375000e+02 5.181138916015625000e+02
4.980198185986811836e+02 4.651969421386718864e+02 4.651969421386718864e+02 0.000000000000000000e+00 4.517500000000000000e+02 4.600800781250000000e+02
4.374117250348081711e+02 4.047498596191406364e+02 4.047498596191406364e+02 0.000000000000000000e+00 3.875673828125000000e+02 3.958974609375000000e+02
3.771189409010481199e+02 3.446440979003906477e+02 3.446440979003906477e+02 0.000000000000000000e+00 3.273059082031250000e+02 3.356359863281250000e+02
3.171895878857905586e+02 2.849253967285156364e+02 2.849253967285156364e+02 0.000000000000000000e+00 2.666875000000000000e+02 2.750175781250000000e+02
2.576662183704942777e+02 2.256343170166015568e+02 2.256343170166015568e+02 0.000000000000000000e+00 2.073785400390625000e+02 2.157086181640625000e+02
1.985885440335415240e+02 1.668090728759765682e+02 1.668090728759765682e+02 0.000000000000000000e+00 1.546124267578125000e+02 1.680955810546875000e+02
1.399900792943369083e+02 1.084779769897460966e+02 1.084779769897460966e+02 0.000000000000000000e+00 8.416052246093750000e+01 9.249060058593750000e+01
8.190384556987497433e+01 5.068023071289062642e+01 5.068023071289062642e+01 0.000000000000000000e+00 3.784814453125000000e+01 5.987817382812500000e+01
2.599942612411952325e+01 5.156289958953857777e+00 5.156289958953857777e+00 0.000000000000000000e+00 4.127673339843750000e+01 1.045800781250000000e+01
5.219327232625224688e+00 4.179692554473876775e+00 4.179692554473876775e+00 0.000000000000000000e+00 5.578955078125000000e+01 2.608081054687500000e+01
3.555777955763410603e+00 3.137630319595337003e+00 3.137630319595337003e+00 0.000000000000000000e+00 1.892614746093750000e+01 1.093969726562500000e+01
2.847144667464907908e+00 2.454528427124023526e+00 2.454528427124023526e+00 0.000000000000000000e+00 2.102783203125000000e+01 7.483642578125000000e+00
2.171177238521009301e+00 1.841862320899963379e+00 1.841862320899963379e+00 0.000000000000000000e+00 1.663659667968750000e+01 6.057739257812500000e+00
1.854469518850345500e+00 1.327130055427551358e+00 1.327130055427551358e+00 0.000000000000000000e+00 2.493310546875000000e+01 9.527099609375000000e+00
1.682663699187854744e+00 1.200433945655822843e+00 1.200433945655822843e+00 0.000000000000000000e+00 2.994396972656250000e+01 1.646960449218750000e+01
1.547765273859005086e+00 1.097876977920532182e+00 1.097876977920532182e+00 0.000000000000000000e+00 2.184252929687500000e+01 9.253173828125000000e+00
1.563534966789849934e+00 1.250535297393798873e+00 1.250535297393798873e+00 0.000000000000000000e+00 1.001062011718750000e+01 2.595336914062500000e+00
1.508451552674321849e+00 7.389558076858520064e-01 7.389558076858520064e-01 0.000000000000000000e+00 2.265563964843750000e+01 1.645861816406250000e+01
1.374496372619477880e+00 1.014532208442687988e+00 1.014532208442687988e+00 0.000000000000000000e+00 1.573376464843750000e+01 9.433349609375000000e+00
1.311006724244297095e+00 1.003201913833618120e+00 1.003201913833618120e+00 0.000000000000000000e+00 1.985949707031250000e+01 1.362512207031250000e+01
1.383221098692110296e+00 6.154267907142638716e-01 6.154267907142638716e-01 0.000000000000000000e+00 1.892358398437500000e+01 1.248291015625000000e+01
1.260605754828689085e+00 7.313366889953613059e-01 7.313366889953613059e-01 0.000000000000000000e+00 1.723706054687500000e+01 1.594140625000000000e+01
1.322732050820152327e+00 8.839464068412781206e-01 8.839464068412781206e-01 0.000000000000000000e+00 1.142480468750000000e+01 8.743530273437500000e+00
1.435341544080488863e+00 8.898598670959472212e-01 8.898598670959472212e-01 0.000000000000000000e+00 8.809936523437500000e+00 2.923706054687500000e+00
1.312281319410494085e+00 8.129536867141723411e-01 8.129536867141723411e-01 0.000000000000000000e+00 1.224951171875000000e+01 5.616577148437500000e+00
1.251643621095336334e+00 7.705173134803772195e-01 7.705173134803772195e-01 0.000000000000000000e+00 1.845397949218750000e+01 1.293823242187500000e+01
1.324232286745959053e+00 5.236418843269348145e-01 5.236418843269348145e-01 0.000000000000000000e+00 1.717895507812500000e+01 1.383752441406250000e+01
1.250118767270947506e+00 5.559450626373291238e-01 5.559450626373291238e-01 0.000000000000000000e+00 1.254663085937500000e+01 6.243408203125000000e+00
1.207493239110059013e+00 4.891182780265808105e-01 4.891182780265808105e-01 0.000000000000000000e+00 1.224377441406250000e+01 6.912109375000000000e+00
1.192333103406547412e+00 5.174952983856201394e-01 5.174952983856201394e-01 0.000000000000000000e+00 1.187072753906250000e+01 8.217773437500000000e+00
1.154534696352363721e+00 9.588589906692505105e-01 9.588589906692505105e-01 0.000000000000000000e+00 1.496435546875000000e+01 1.220495605468750000e+01
1.303830741655708447e+00 1.324336934089660689e+00 1.324336934089660689e+00 0.000000000000000000e+00 2.224511718750000000e+01 1.857128906250000000e+01
1.359752966625855652e+00 5.403039693832397683e-01 5.403039693832397683e-01 0.000000000000000000e+00 1.039733886718750000e+01 6.743286132812500000e+00
1.114492389235166137e+00 3.999816477298736572e-01 3.999816477298736572e-01 0.000000000000000000e+00 1.245397949218750000e+01 9.336059570312500000e+00
1.195000734659704911e+00 8.285690307617187278e-01 8.285690307617187278e-01 0.000000000000000000e+00 7.907592773437500000e+00 2.156250000000000000e+00
1.233880196467484591e+00 3.691582500934600941e-01 3.691582500934600941e-01 0.000000000000000000e+00 1.127978515625000000e+01 7.801635742187500000e+00
1.132321162979201601e+00 7.056626796722411665e-01 7.056626796722411665e-01 0.000000000000000000e+00 9.966796875000000000e+00 7.651245117187500000e+00
1.144806144261124148e+00 4.882377624511718972e-01 4.882377624511718972e-01 0.000000000000000000e+00 1.169018554687500000e+01 7.867919921875000000e+00
1.322646124528186196e+00 5.739138484001159446e-01 5.739138484001159446e-01 0.000000000000000000e+00 2.174914550781250000e+01 2.069628906250000000e+01
1.183323860168457031e+00 3.815195381641388050e-01 3.815195381641388050e-01 0.000000000000000000e+00 8.354370117187500000e+00 4.962768554687500000e+00
1.128948530348220736e+00 3.671151041984558328e-01 3.671151041984558328e-01 0.000000000000000000e+00 8.662597656250000000e+00 8.029907226562500000e+00
1.158919723317174633e+00 4.812113285064697488e-01 4.812113285064697488e-01 0.000000000000000000e+00 7.583251953125000000e+00 7.110839843750000000e+00
1.111426755933478283e+00 5.470715284347533736e-01 5.470715284347533736e-01 0.000000000000000000e+00 8.611328125000000000e+00 5.437011718750000000e+00
1.248791113938435560e+00 9.902898550033569780e-01 9.902898550033569780e-01 0.000000000000000000e+00 1.549951171875000000e+01 1.245581054687500000e+01
1.133803157523126881e+00 4.734083533287048451e-01 4.734083533287048451e-01 0.000000000000000000e+00 1.026684570312500000e+01 8.844848632812500000e+00
1.188872215771439089e+00 4.909948766231536643e-01 4.909948766231536643e-01 0.000000000000000000e+00 1.521301269531250000e+01 1.150805664062500000e+01
1.152297780065253185e+00 5.439296364784240723e-01 5.439296364784240723e-01 0.000000000000000000e+00 1.339782714843750000e+01 1.292541503906250000e+01
1.155348696330986469e+00 3.759671509265899436e-01 3.759671509265899436e-01 0.000000000000000000e+00 5.868286132812500000e+00 1.588745117187500000e+00
1.141048501033594009e+00 4.664825201034545898e-01 4.664825201034545898e-01 0.000000000000000000e+00 6.619628906250000000e+00 5.051879882812500000e+00
1.113959137756045603e+00 4.729193568229675404e-01 4.729193568229675404e-01 0.000000000000000000e+00 9.878906250000000000e+00 7.399658203125000000e+00
1.108762771776407030e+00 6.743642807006835493e-01 6.743642807006835493e-01 0.000000000000000000e+00 1.013659667968750000e+01 6.507934570312500000e+00
1.173073595113093281e+00 2.600467085838317760e-01 2.600467085838317760e-01 0.000000000000000000e+00 1.127062988281250000e+01 8.933837890625000000e+00
1.081782910198268333e+00 8.350951671600341797e-01 8.350951671600341797e-01 0.000000000000000000e+00 6.636474609375000000e+00 6.164062500000000000e+00
1.105140341390477454e+00 2.698670983314513938e-01 2.698670983314513938e-01 0.000000000000000000e+00 1.120043945312500000e+01 1.072802734375000000e+01
1.116566941289618420e+00 3.218822121620178445e-01 3.218822121620178445e-01 0.000000000000000000e+00 6.970703125000000000e+00 4.763671875000000000e+00
1.074502172446486936e+00 4.230170726776122936e-01 4.230170726776122936e-01 0.000000000000000000e+00 7.836791992187500000e+00 7.364379882812500000e+00
1.108730942305951928e+00 3.106911659240722545e-01 3.106911659240722545e-01 0.000000000000000000e+00 9.409667968750000000e+00 8.274780273437500000e+00
1.098994929011505528e+00 2.987957507371902244e-01 2.987957507371902244e-01 0.000000000000000000e+00 7.301513671875000000e+00 6.829101562500000000e+00
1.067220149653973049e+00 3.008809268474578746e-01 3.008809268474578746e-01 0.000000000000000000e+00 7.095092773437500000e+00 6.622680664062500000e+00
1.107834408778955337e+00 3.118166863918304665e-01 3.118166863918304665e-01 0.000000000000000000e+00 7.836303710937500000e+00 5.756713867187500000e+00
1.060868051677647195e+00 3.879743456840515359e-01 3.879743456840515359e-01 0.000000000000000000e+00 7.078002929687500000e+00 6.605590820312500000e+00
1.093966309977049800e+00 3.732528507709503285e-01 3.732528507709503285e-01 0.000000000000000000e+00 6.505859375000000000e+00 4.996215820312500000e+00
1.071251807826580471e+00 2.440276384353637640e-01 2.440276384353637640e-01 0.000000000000000000e+00 6.633178710937500000e+00 6.160766601562500000e+00
1.095307734933229860e+00 4.482906222343444602e-01 4.482906222343444602e-01 0.000000000000000000e+00 1.072656250000000000e+01 1.025415039062500000e+01
1.033866192149643926e+00 3.402490139007568470e-01 3.402490139007568470e-01 0.000000000000000000e+00 8.811279296875000000e+00 8.338867187500000000e+00
1.093574667921160648e+00 6.485221982002258301e-01 6.485221982002258301e-01 0.000000000000000000e+00 7.452514648437500000e+00 6.979492187500000000e+00
1.098687017318045633e+00 3.567246854305267112e-01 3.567246854305267112e-01 0.000000000000000000e+00 8.410156250000000000e+00 7.937744140625000000e+00
1.070136426699043408e+00 2.450165450572967529e-01 2.450165450572967529e-01 0.000000000000000000e+00 8.176391601562500000e+00 7.703979492187500000e+00
1.060099098942067330e+00 3.237731695175171120e-01 3.237731695175171120e-01 0.000000000000000000e+00 6.769409179687500000e+00 6.296997070312500000e+00
1.047600665895065397e+00 2.925345242023468240e-01 2.925345242023468240e-01 0.000000000000000000e+00 8.465698242187500000e+00 7.993286132812500000e+00
1.089608620889116031e+00 2.313842654228210338e-01 2.313842654228210338e-01 0.000000000000000000e+00 8.531005859375000000e+00 7.393188476562500000e+00
1.055817982938030086e+00 2.574240207672119363e-01 2.574240207672119363e-01 0.000000000000000000e+00 7.714843750000000000e+00 7.242431640625000000e+00
1.080626237510454501e+00 3.361968278884887584e-01 3.361968278884887584e-01 0.000000000000000000e+00 7.803222656250000000e+00 7.330810546875000000e+00
1.070611676367202669e+00 3.517305791378021462e-01 3.517305791378021462e-01 0.000000000000000000e+00 8.179809570312500000e+00 7.707397460937500000e+00
1.059288934905930235e+00 4.623873829841613770e-01 4.623873829841613770e-01 0.000000000000000000e+00 8.240478515625000000e+00 7.768066406250000000e+00
1.081639219038557309e+00 2.990547925233840720e-01 2.990547925233840720e-01 0.000000000000000000e+00 9.347412109375000000e+00 8.875000000000000000e+00
1.020326477466243276e+00 6.321703433990478738e-01 6.321703433990478738e-01 0.000000000000000000e+00 9.835815429687500000e+00 9.363403320312500000e+00
1.089004394146475541e+00 3.132013410329818615e-01 3.132013410329818615e-01 0.000000000000000000e+00 8.447998046875000000e+00 7.975585937500000000e+00
1.041488380125253466e+00 2.423424065113067571e-01 2.423424065113067571e-01 0.000000000000000000e+00 9.739379882812500000e+00 9.266967773437500000e+00
1.033852110994924356e+00 4.522433519363403542e-01 4.522433519363403542e-01 0.000000000000000000e+00 8.919921875000000000e+00 8.447509765625000000e+00
1.088423724221711186e+00 2.858876526355743630e-01 2.858876526355743630e-01 0.000000000000000000e+00 8.719116210937500000e+00 8.246704101562500000e+00
1.045932521914491486e+00 2.604073226451874001e-01 2.604073226451874001e-01 0.000000000000000000e+00 8.918212890625000000e+00 8.445800781250000000e+00
1.045217723539560106e+00 1.603554964065551647e-01 1.603554964065551647e-01 0.000000000000000000e+00 8.749145507812500000e+00 8.276733398437500000e+00
1.050685109478412205e+00 3.681018471717834584e-01 3.681018471717834584e-01 0.000000000000000000e+00 1.051794433593750000e+01 9.125366210937500000e+00
1.134144341591561300e+00 3.576493084430694691e-01 3.576493084430694691e-01 0.000000000000000000e+00 9.248413085937500000e+00 8.776000976562500000e+00
1.098578869706333228e+00 2.227479159832000677e-01 2.227479159832000677e-01 0.000000000000000000e+00 1.026574707031250000e+01 9.793334960937500000e+00
1.046239845823533354e+00 2.545784235000610463e-01 2.545784235000610463e-01 0.000000000000000000e+00 7.879394531250000000e+00 7.406982421875000000e+00
1.057802673613670974e+00 1.696184128522872925e-01 1.696184128522872925e-01 0.000000000000000000e+00 8.690185546875000000e+00 8.217773437500000000e+00
1.041325526367319787e+00 1.631782442331314031e-01 1.631782442331314031e-01 0.000000000000000000e+00 8.570312500000000000e+00 8.097900390625000000e+00
1.036153709534371359e+00 1.575745761394500843e-01 1.575745761394500843e-01 0.000000000000000000e+00 8.377929687500000000e+00 7.905517578125000000e+00
1.074289471206098412e+00 1.975626558065414484e-01 1.975626558065414484e-01 0.000000000000000000e+00 1.027001953125000000e+01 9.797607421875000000e+00
1.079426728262759649e+00 1.906613379716873280e-01 1.906613379716873280e-01 0.000000000000000000e+00 8.822631835937500000e+00 8.350219726562500000e+00
1.059505257276025070e+00 2.419580101966857799e-01 2.419580101966857799e-01 0.000000000000000000e+00 9.925537109375000000e+00 9.453125000000000000e+00
1.037428394402607923e+00 3.356963336467743142e-01 3.356963336467743142e-01 0.000000000000000000e+00 8.337402343750000000e+00 7.864990234375000000e+00
1.070622699685616075e+00 3.290399849414825661e-01 3.290399849414825661e-01 0.000000000000000000e+00 8.763427734375000000e+00 8.291015625000000000e+00
1.067817450749992236e+00 2.425357431173324474e-01 2.425357431173324474e-01 0.000000000000000000e+00 8.345703125000000000e+00 7.873291015625000000e+00
1.084911940121414675e+00 2.187721014022827037e-01 2.187721014022827037e-01 0.000000000000000000e+00 9.703125000000000000e+00 9.230712890625000000e+00
1.044372802323634053e+00 2.134250342845916693e-01 2.134250342845916693e-01 0.000000000000000000e+00 9.064819335937500000e+00 8.592407226562500000e+00
1.027704137386661998e+00 2.006606221199035700e-01 2.006606221199035700e-01 0.000000000000000000e+00 7.984863281250000000e+00 7.512451171875000000e+00
1.049652981286001596e+00 3.690939903259277122e-01 3.690939903259277122e-01 0.000000000000000000e+00 7.579101562500000000e+00 7.106689453125000000e+00
1.045782973860750031e+00 4.855687141418457142e-01 4.855687141418457142e-01 0.000000000000000000e+00 1.011462402343750000e+01 9.642211914062500000e+00
1.066887266565077486e+00 2.031327724456787054e-01 2.031327724456787054e-01 0.000000000000000000e+00 8.534790039062500000e+00 8.062377929687500000e+00
1.094075319790604128e+00 5.800259530544280562e-01 5.800259530544280562e-01 0.000000000000000000e+00 6.191894531250000000e+00 5.719482421875000000e+00
1.076609505727739613e+00 1.788317173719406183e-01 1.788317173719406183e-01 0.000000000000000000e+00 6.825927734375000000e+00 6.353515625000000000e+00
1.030459507857218737e+00 1.548971354961395375e-01 1.548971354961395375e-01 0.000000000000000000e+00 8.679931640625000000e+00 8.207519531250000000e+00
1.080908235346916824e+00 1.990523219108581432e-01 1.990523219108581432e-01 0.000000000000000000e+00 8.672363281250000000e+00 8.199951171875000000e+00
1.038730149812037373e+00 1.724243462085723877e-01 1.724243462085723877e-01 0.000000000000000000e+00 9.227416992187500000e+00 8.755004882812500000e+00
1.042548174315159892e+00 2.378678709268569891e-01 2.378678709268569891e-01 0.000000000000000000e+00 7.132202148437500000e+00 6.659790039062500000e+00
1.056187083225439194e+00 2.029151499271392711e-01 2.029151499271392711e-01 0.000000000000000000e+00 7.458862304687500000e+00 6.986450195312500000e+00
1.114666006942786725e+00 4.602585673332214578e-01 4.602585673332214578e-01 0.000000000000000000e+00 7.104858398437500000e+00 6.632446289062500000e+00
1.090225003881029497e+00 1.818450063467025868e-01 1.818450063467025868e-01 0.000000000000000000e+00 8.729370117187500000e+00 8.256958007812500000e+00
1.037530814657116940e+00 2.700824737548828125e-01 2.700824737548828125e-01 0.000000000000000000e+00 8.587890625000000000e+00 8.115478515625000000e+00
1.050133982507309049e+00 1.674907177686691395e-01 1.674907177686691395e-01 0.000000000000000000e+00 7.953369140625000000e+00 7.480957031250000000e+00
1.023374238816818327e+00 3.609595715999603383e-01 3.609595715999603383e-01 0.000000000000000000e+00 8.035766601562500000e+00 7.563354492187500000e+00
1.065140167675395988e+00 2.193164795637130848e-01 2.193164795637130848e-01 0.000000000000000000e+00 7.835571289062500000e+00 7.363159179687500000e+00
1.031904980097666735e+00 2.336113840341567938e-01 2.336113840341567938e-01 0.000000000000000000e+00 7.783813476562500000e+00 7.311401367187500000e+00
1.046061888484671520e+00 3.272584676742553711e-01 3.272584676742553711e-01 0.000000000000000000e+00 8.386352539062500000e+00 7.913940429687500000e+00
1.053394085109824019e+00 2.046434760093688854e-01 2.046434760093688854e-01 0.000000000000000000e+00 7.411621093750000000e+00 6.939208984375000000e+00
1.022795022714256152e+00 1.352176755666732733e-01 1.352176755666732733e-01 0.000000000000000000e+00 7.734252929687500000e+00 7.261840820312500000e+00
1.024153832161780686e+00 1.547383040189743153e-01 1.547383040189743153e-01 0.000000000000000000e+00 7.631713867187500000e+00 7.159301757812500000e+00
1.029433538713077523e+00 1.524567902088165283e-01 1.524567902088165283e-01 0.000000000000000000e+00 8.788452148437500000e+00 8.316040039062500000e+00
1.028873280723496153e+00 2.074463367462158203e-01 2.074463367462158203e-01 0.000000000000000000e+00 7.207397460937500000e+00 6.734985351562500000e+00
1.025790250537419013e+00 1.319190472364425715e-01 1.319190472364425715e-01 0.000000000000000000e+00 7.468383789062500000e+00 6.995971679687500000e+00
1.015319838382229944e+00 1.470272868871688732e-01 1.470272868871688732e-01 0.000000000000000000e+00 8.023925781250000000e+00 7.551513671875000000e+00
1.029175974354885614e+00 2.275823831558227428e-01 2.275823831558227428e-01 0.000000000000000000e+00 6.731323242187500000e+00 6.258911132812500000e+00
1.028018058526634082e+00 2.260992795228958241e-01 2.260992795228958241e-01 0.000000000000000000e+00 8.020263671875000000e+00 7.547851562500000000e+00
1.045576048369454947e+00 1.575905770063400213e-01 1.575905770063400213e-01 0.000000000000000000e+00 7.350463867187500000e+00 6.878051757812500000e+00
1.027712882745384082e+00 1.652741581201553345e-01 1.652741581201553345e-01 0.000000000000000000e+00 7.622802734375000000e+00 7.150390625000000000e+00
1.025645997264597709e+00 2.415249347686767578e-01 2.415249347686767578e-01 0.000000000000000000e+00 7.873657226562500000e+00 7.401245117187500000e+00
1.068768890187291820e+00 3.376535117626190408e-01 3.376535117626190408e-01 0.000000000000000000e+00 6.953002929687500000e+00 6.480590820312500000e+00
1.055766727664683158e+00 2.077994525432586559e-01 2.077994525432586559e-01 0.000000000000000000e+00 8.695312500000000000e+00 8.222900390625000000e+00
1.012034304071181001e+00 1.357753768563270680e-01 1.357753768563270680e-01 0.000000000000000000e+00 7.776489257812500000e+00 7.304077148437500000e+00
1.026553684532052202e+00 1.783039301633834728e-01 1.783039301633834728e-01 0.000000000000000000e+00 7.826293945312500000e+00 7.353881835937500000e+00
1.023375646312637999e+00 1.939093172550201416e-01 1.939093172550201416e-01 0.000000000000000000e+00 7.447265625000000000e+00 6.974853515625000000e+00
1.030661473179807830e+00 1.498515665531158503e-01 1.498515665531158503e-01 0.000000000000000000e+00 7.628784179687500000e+00 7.156372070312500000e+00
1.024708922251616361e+00 1.759011805057525690e-01 1.759011805057525690e-01 0.000000000000000000e+00 7.272827148437500000e+00 6.800415039062500000e+00
1.021747322365789135e+00 1.302483737468719538e-01 1.302483737468719538e-01 0.000000000000000000e+00 7.797241210937500000e+00 7.324829101562500000e+00
1.017861993301032886e+00 1.273949205875396784e-01 1.273949205875396784e-01 0.000000000000000000e+00 7.227661132812500000e+00 6.755249023437500000e+00
1.019497178568698370e+00 1.717945098876953181e-01 1.717945098876953181e-01 0.000000000000000000e+00 7.749389648437500000e+00 7.276977539062500000e+00
1.023486816647029229e+00 1.537415519356727656e-01 1.537415519356727656e-01 0.000000000000000000e+00 7.018920898437500000e+00 6.546508789062500000e+00
1.013236672571389940e+00 1.417175203561782948e-01 1.417175203561782948e-01 0.000000000000000000e+00 7.789062500000000000e+00 7.316650390625000000e+00
1.025492584351265890e+00 1.923913538455963024e-01 1.923913538455963024e-01 0.000000000000000000e+00 7.447753906250000000e+00 6.975341796875000000e+00
1.021735698869912889e+00 1.352450996637344360e-01 1.352450996637344360e-01 0.000000000000000000e+00 7.356079101562500000e+00 6.883666992187500000e+00
1.024906055762035972e+00 1.482355087995529119e-01 1.482355087995529119e-01 0.000000000000000000e+00 7.646484375000000000e+00 7.174072265625000000e+00
1.021987006805910925e+00 2.035714834928512573e-01 2.035714834928512573e-01 0.000000000000000000e+00 7.261352539062500000e+00 6.788940429687500000e+00
1.015097941502486112e+00 1.367316633462905828e-01 1.367316633462905828e-01 0.000000000000000000e+00 7.537475585937500000e+00 7.065063476562500000e+00
1.017400418177689669e+00 1.481287270784377996e-01 1.481287270784377996e-01 0.000000000000000000e+00 6.904418945312500000e+00 6.432006835937500000e+00
1.011552586118773744e+00 1.940945327281951849e-01 1.940945327281951849e-01 0.000000000000000000e+00 7.033203125000000000e+00 6.560791015625000000e+00
1.029321422671327424e+00 1.469576433300971985e-01 1.469576433300971985e-01 0.000000000000000000e+00 7.049804687500000000e+00 6.577392578125000000e+00
1.020278781947522972e+00 1.369476169347763062e-01 1.369476169347763062e-01 0.000000000000000000e+00 7.378173828125000000e+00 6.905761718750000000e+00
1.037320447735267104e+00 1.566654175519943126e-01 1.566654175519943126e-01 0.000000000000000000e+00 7.529052734375000000e+00 7.056640625000000000e+00
1.026163655932587071e+00 1.566159427165985107e-01 1.566159427165985107e-01 0.000000000000000000e+00 6.982788085937500000e+00 6.510375976562500000e+00
1.015621538209443120e+00 1.211101800203323309e-01 1.211101800203323309e-01 0.000000000000000000e+00 6.695312500000000000e+00 6.222900390625000000e+00
1.012345701751142357e+00 1.610700041055679321e-01 1.610700041055679321e-01 0.000000000000000000e+00 7.601196289062500000e+00 7.128784179687500000e+00
1.021658178603294997e+00 1.254127383232116755e-01 1.254127383232116755e-01 0.000000000000000000e+00 7.870727539062500000e+00 7.398315429687500000e+00
1.010436346330265023e+00 1.530420243740081843e-01 1.530420243740081843e-01 0.000000000000000000e+00 7.250000000000000000e+00 6.777587890625000000e+00
1.015294766662144355e+00 1.211572989821434049e-01 1.211572989821434049e-01 0.000000000000000000e+00 7.209838867187500000e+00 6.737426757812500000e+00
1.018593487025487576e+00 1.473859161138534601e-01 1.473859161138534601e-01 0.000000000000000000e+00 7.143310546875000000e+00 6.670898437500000000e+00
1.017771717345360427e+00 1.334889188408851513e-01 1.334889188408851513e-01 0.000000000000000000e+00 7.490722656250000000e+00 7.018310546875000000e+00
1.012115054791516533e+00 1.535624027252197321e-01 1.535624027252197321e-01 0.000000000000000000e+00 7.221435546875000000e+00 6.749023437500000000e+00
1.007761336494200410e+00 1.102348729968070928e-01 1.102348729968070928e-01 0.000000000000000000e+00 7.036499023437500000e+00 6.564086914062500000e+00
1.008643100167265105e+00 1.264369636774063110e-01 1.264369636774063110e-01 0.000000000000000000e+00 6.788696289062500000e+00 6.316284179687500000e+00
1.019960563961822109e+00 1.199472829699516352e-01 1.199472829699516352e-01 0.000000000000000000e+00 7.046020507812500000e+00 6.573608398437500000e+00
1.017371305144659344e+00 1.276965767145156749e-01 1.276965767145156749e-01 0.000000000000000000e+00 7.532104492187500000e+00 7.059692382812500000e+00
1.009002979439083791e+00 1.625572070479393005e-01 1.625572070479393005e-01 0.000000000000000000e+00 6.903930664062500000e+00 6.431518554687500000e+00
1.010572444684434634e+00 1.199855193495750483e-01 1.199855193495750483e-01 0.000000000000000000e+00 6.710571289062500000e+00 6.238159179687500000e+00
1.015604942520656140e+00 1.678769081830978338e-01 1.678769081830978338e-01 0.000000000000000000e+00 6.850830078125000000e+00 6.378417968750000000e+00
1.013255047326040659e+00 1.256698369979858398e-01 1.256698369979858398e-01 0.000000000000000000e+00 6.870849609375000000e+00 6.398437500000000000e+00
