2.985476850150835617e+03 2.976602880859375091e+03 2.976602880859375091e+03 0.000000000000000000e+00 2.947261718750000000e+03 2.989664794921875000e+03
2.963663907797029879e+03 2.945979248046875000e+03 2.945979248046875000e+03 0.000000000000000000e+00 2.914631835937500000e+03 2.957635253906250000e+03
2.924015100460241229e+03 2.896461230468749818e+03 2.896461230468749818e+03 0.000000000000000000e+00 2.859643310546875000e+03 2.903111816406250000e+03
2.864814726272431926e+03 2.827155517578125000e+03 2.827155517578125000e+03 0.000000000000000000e+00 2.791735351562500000e+03 2.833845214843750000e+03
2.787344327718904879e+03 2.741338525390624909e+03 2.741338525390624909e+03 0.000000000000000000e+00 2.709509765625000000e+03 2.751014404296875000e+03
2.693871719813582786e+03 2.639890039062499909e+03 2.639890039062499909e+03 0.000000000000000000e+00 2.608631591796875000e+03 2.649515625000000000e+03
2.585345964186262336e+03 2.524027685546875091e+03 2.524027685546875091e+03 0.000000000000000000e+00 2.488949462890625000e+03 2.529726318359375000e+03
2.463019362043626188e+03 2.395018261718750182e+03 2.395018261718750182e+03 0.000000000000000000e+00 2.357349609375000000e+03 2.397217041015625000e+03
2.328146196724164383e+03 2.254093701171875182e+03 2.254093701171875182e+03 0.000000000000000000e+00 2.217126708984375000e+03 2.255573242187500000e+03
2.181930253132735288e+03 2.102425195312499909e+03 2.102425195312499909e+03 0.000000000000000000e+00 2.065241943359375000e+03 2.102895263671875000e+03
2.025506997892171967e+03 1.941110473632812500e+03 1.941110473632812500e+03 0.000000000000000000e+00 1.902816406250000000e+03 1.939878906250000000e+03
1.859939558274675164e+03 1.771174755859374955e+03 1.771174755859374955e+03 0.000000000000000000e+00 1.724978271484375000e+03 1.757592529296875000e+03
1.686217494246983279e+03 1.593569116210937409e+03 1.593569116210937409e+03 0.000000000000000000e+00 1.552799682617187500e+03 1.588576293945312500e+03
1.505258883334622624e+03 1.409179003906250045e+03 1.409179003906250045e+03 0.000000000000000000e+00 1.366764648437500000e+03 1.404324707031250000e+03
1.317914602751779057e+03 1.218816357421874955e+03 1.218816357421874955e+03 0.000000000000000000e+00 1.173635009765625000e+03 1.211442260742187500e+03
1.124986581934560718e+03 1.023246887207031250e+03 1.023246887207031250e+03 0.000000000000000000e+00 9.552630615234375000e+02 9.905698242187500000e+02
9.271549489238474280e+02 8.231472167968750000e+02 8.231472167968750000e+02 0.000000000000000000e+00 7.774797363281250000e+02 8.054694824218750000e+02
7.251332518322633405e+02 6.191779663085937955e+02 6.191779663085937955e+02 0.000000000000000000e+00 5.782158203125000000e+02 6.045629882812500000e+02
5.195287826084854714e+02 4.119267150878906136e+02 4.119267150878906136e+02 0.000000000000000000e+00 3.630693359375000000e+02 3.903576660156250000e+02
3.109102122996113167e+02 2.019397064208984318e+02 2.019397064208984318e+02 0.000000000000000000e+00 1.476933593750000000e+02 1.755117187500000000e+02
1.005502008117071426e+02 9.798800659179686789e+00 9.798800659179686789e+00 0.000000000000000000e+00 5.075756835937500000e+01 3.692114257812500000e+01
3.218320404184926531e+01 5.909357261657715021e+00 5.909357261657715021e+00 0.000000000000000000e+00 9.110888671875000000e+01 6.649462890625000000e+01
4.853868781930149368e+00 3.771746873855590820e+00 3.771746873855590820e+00 0.000000000000000000e+00 2.270947265625000000e+01 8.681640625000000000e-01
3.090708491825821191e+00 2.232743835449218839e+00 2.232743835449218839e+00 0.000000000000000000e+00 2.465307617187500000e+01 1.555419921875000000e+00
2.260968328702567920e+00 1.791860771179199174e+00 1.791860771179199174e+00 0.000000000000000000e+00 2.451831054687500000e+01 4.477050781250000000e+00
1.957836182990876805e+00 1.418909811973571689e+00 1.418909811973571689e+00 0.000000000000000000e+00 1.546118164062500000e+01 6.262939453125000000e+00
1.702052936695589880e+00 1.857251977920532315e+00 1.857251977920532315e+00 0.000000000000000000e+00 1.664355468750000000e+01 6.567382812500000000e-01
1.688889075033735532e+00 1.313749146461486772e+00 1.313749146461486772e+00 0.000000000000000000e+00 1.657958984375000000e+01 1.408691406250000000e+00
1.393685697328926221e+00 9.217155575752258301e-01 9.217155575752258301e-01 0.000000000000000000e+00 1.923461914062500000e+01 2.265380859375000000e+00
1.519611139108638875e+00 7.374886631965636985e-01 7.374886631965636985e-01 0.000000000000000000e+00 1.476733398437500000e+01 2.061279296875000000e+00
1.277770317427002533e+00 6.218642354011535422e-01 6.218642354011535422e-01 0.000000000000000000e+00 1.706787109375000000e+01 2.252685546875000000e+00
1.361418014705771284e+00 6.721580505371094194e-01 6.721580505371094194e-01 0.000000000000000000e+00 1.635571289062500000e+01 1.598876953125000000e+00
1.287266955517306188e+00 5.944483280181884766e-01 5.944483280181884766e-01 0.000000000000000000e+00 1.728100585937500000e+01 8.757324218750000000e-01
1.261297394733617905e+00 1.487327647209167436e+00 1.487327647209167436e+00 0.000000000000000000e+00 1.415209960937500000e+01 5.036621093750000000e-01
1.363076138614427890e+00 1.047693634033203036e+00 1.047693634033203036e+00 0.000000000000000000e+00 1.206738281250000000e+01 3.747802734375000000e+00
1.416231037366508350e+00 1.332295918464660556e+00 1.332295918464660556e+00 0.000000000000000000e+00 1.007324218750000000e+01 1.541503906250000000e+00
1.351178301442967689e+00 8.045010685920714888e-01 8.045010685920714888e-01 0.000000000000000000e+00 1.546630859375000000e+01 7.597656250000000000e-01
1.456161804718546282e+00 1.052074980735778764e+00 1.052074980735778764e+00 0.000000000000000000e+00 8.808349609375000000e+00 4.248046875000000000e-01
1.174846631465571889e+00 6.579026937484740989e-01 6.579026937484740989e-01 0.000000000000000000e+00 1.109448242187500000e+01 1.290527343750000000e+00
1.278273325745421962e+00 3.794691503047943337e-01 3.794691503047943337e-01 0.000000000000000000e+00 6.625488281250000000e+00 2.269531250000000000e+00
