1.988349650467976517e+03 1.984360864257812409e+03 1.984360864257812409e+03 0.000000000000000000e+00 1.971545898437500000e+03 1.999155029296875000e+03
1.980926164381574836e+03 1.975608642578125000e+03 1.975608642578125000e+03 0.000000000000000000e+00 1.961198364257812500e+03 1.989416992187500000e+03
1.970549484404006762e+03 1.963335644531249955e+03 1.963335644531249955e+03 0.000000000000000000e+00 1.946863403320312500e+03 1.972910400390625000e+03
1.956569471302598913e+03 1.947376293945312455e+03 1.947376293945312455e+03 0.000000000000000000e+00 1.929848266601562500e+03 1.953162963867187500e+03
1.938873298267326845e+03 1.927630688476562455e+03 1.927630688476562455e+03 0.000000000000000000e+00 1.911483154296875000e+03 1.934740234375000000e+03
1.917291264600092745e+03 1.903962841796874955e+03 1.903962841796874955e+03 0.000000000000000000e+00 1.887531616210937500e+03 1.910489746093750000e+03
1.891885332466352111e+03 1.876608886718750000e+03 1.876608886718750000e+03 0.000000000000000000e+00 1.861489135742187500e+03 1.885455688476562500e+03
1.862927172368115635e+03 1.845850122070312409e+03 1.845850122070312409e+03 0.000000000000000000e+00 1.832313232421875000e+03 1.857097045898437500e+03
1.830685288230971537e+03 1.811947338867187455e+03 1.811947338867187455e+03 0.000000000000000000e+00 1.798722778320312500e+03 1.823944335937500000e+03
1.795417642423421967e+03 1.775153442382812500e+03 1.775153442382812500e+03 0.000000000000000000e+00 1.761983398437500000e+03 1.786499267578125000e+03
1.757373040831915205e+03 1.735711865234374955e+03 1.735711865234374955e+03 0.000000000000000000e+00 1.722796875000000000e+03 1.746556396484375000e+03
1.716789623298267315e+03 1.693855590820312500e+03 1.693855590820312500e+03 0.000000000000000000e+00 1.681092529296875000e+03 1.704452148437500000e+03
1.673896425152769098e+03 1.649807543945312545e+03 1.649807543945312545e+03 0.000000000000000000e+00 1.636542480468750000e+03 1.658578857421875000e+03
1.628910011215965369e+03 1.603778588867187409e+03 1.603778588867187409e+03 0.000000000000000000e+00 1.590950561523437500e+03 1.612317993164062500e+03
1.582037390982750594e+03 1.555969433593749955e+03 1.555969433593749955e+03 0.000000000000000000e+00 1.543167114257812500e+03 1.564721679687500000e+03
1.533471680896117050e+03 1.506566528320312500e+03 1.506566528320312500e+03 0.000000000000000000e+00 1.493191406250000000e+03 1.512696166992187500e+03
1.483396809492960983e+03 1.455749023437500000e+03 1.455749023437500000e+03 0.000000000000000000e+00 1.441941162109375000e+03 1.461039306640625000e+03
1.431984955136138524e+03 1.403681860351562591e+03 1.403681860351562591e+03 0.000000000000000000e+00 1.388420043945312500e+03 1.406968017578125000e+03
1.379396113329594755e+03 1.350520166015624909e+03 1.350520166015624909e+03 0.000000000000000000e+00 1.337247558593750000e+03 1.355297363281250000e+03
1.325782386099938094e+03 1.296411035156249909e+03 1.296411035156249909e+03 0.000000000000000000e+00 1.282086791992187500e+03 1.298654785156250000e+03
1.271283201916382950e+03 1.241487011718749955e+03 1.241487011718749955e+03 0.000000000000000000e+00 1.226544677734375000e+03 1.242406250000000000e+03
1.216029872176670779e+03 1.185876904296874955e+03 1.185876904296874955e+03 0.000000000000000000e+00 1.172866333007812500e+03 1.188516357421875000e+03
1.160145756787592745e+03 1.129697900390624909e+03 1.129697900390624909e+03 0.000000000000000000e+00 1.116139160156250000e+03 1.131690917968750000e+03
1.103744186552444262e+03 1.073059399414062455e+03 1.073059399414062455e+03 0.000000000000000000e+00 1.059848144531250000e+03 1.075390380859375000e+03
1.046931076200881762e+03 1.016063452148437477e+03 1.016063452148437477e+03 0.000000000000000000e+00 1.002726501464843750e+03 1.017600524902343750e+03
9.898048343469600923e+02 9.588062866210937045e+02 9.588062866210937045e+02 0.000000000000000000e+00 9.356330566406250000e+02 9.488135986328125000e+02
9.324717564346766494e+02 9.013727172851562273e+02 9.013727172851562273e+02 0.000000000000000000e+00 8.830678710937500000e+02 9.005933837890625000e+02
8.749724900651685857e+02 8.438396240234375227e+02 8.438396240234375227e+02 0.000000000000000000e+00 8.289572753906250000e+02 8.399790039062500000e+02
8.174261849280630940e+02 7.862895019531249545e+02 7.862895019531249545e+02 0.000000000000000000e+00 7.722573242187500000e+02 7.838581542968750000e+02
7.598937571308400720e+02 7.287893432617187273e+02 7.287893432617187273e+02 0.000000000000000000e+00 7.148778076171875000e+02 7.269671630859375000e+02
7.024410170753403690e+02 6.714029174804687727e+02 6.714029174804687727e+02 0.000000000000000000e+00 6.575512695312500000e+02 6.693867187500000000e+02
6.451296858079363119e+02 6.141882690429687273e+02 6.141882690429687273e+02 0.000000000000000000e+00 6.004210205078125000e+02 6.117779541015625000e+02
5.880161072381652048e+02 5.572003417968750227e+02 5.572003417968750227e+02 0.000000000000000000e+00 5.435384521484375000e+02 5.543579101562500000e+02
5.311526688679609833e+02 5.004892639160156023e+02 5.004892639160156023e+02 0.000000000000000000e+00 4.869660644531250000e+02 4.969903564453125000e+02
4.745869155732711988e+02 4.440989868164062386e+02 4.440989868164062386e+02 0.000000000000000000e+00 4.306387939453125000e+02 4.400639648437500000e+02
4.183629120175201024e+02 3.880731933593750114e+02 3.880731933593750114e+02 0.000000000000000000e+00 3.746165771484375000e+02 3.832125244140625000e+02
3.625203274264193851e+02 3.324491699218750114e+02 3.324491699218750114e+02 0.000000000000000000e+00 3.184484863281250000e+02 3.267785644531250000e+02
3.070960959255104967e+02 2.772609680175781364e+02 2.772609680175781364e+02 0.000000000000000000e+00 2.622382812500000000e+02 2.705683593750000000e+02
2.521229791924504866e+02 2.225408172607421875e+02 2.225408172607421875e+02 0.000000000000000000e+00 2.066325683593750000e+02 2.149626464843750000e+02
1.976314796976523951e+02 1.683175567626953182e+02 1.683175567626953182e+02 0.000000000000000000e+00 1.515081787109375000e+02 1.598382568359375000e+02
1.436486640401405737e+02 1.146163436889648466e+02 1.146163436889648466e+02 0.000000000000000000e+00 9.687817382812500000e+01 1.052082519531250000e+02
9.019907420696598876e+01 6.146048278808594034e+01 6.146048278808594034e+01 0.000000000000000000e+00 4.274499511718750000e+01 5.107507324218750000e+01
3.799776007397340294e+01 1.237850799560546911e+01 1.237850799560546911e+01 0.000000000000000000e+00 1.896899414062500000e+01 1.987524414062500000e+01
5.991944891391414174e+00 3.796734428405761808e+00 3.796734428405761808e+00 0.000000000000000000e+00 3.478637695312500000e+01 1.154492187500000000e+01
3.381991136192095126e+00 3.191753721237182706e+00 3.191753721237182706e+00 0.000000000000000000e+00 2.401892089843750000e+01 6.577758789062500000e+00
2.709670246237575242e+00 2.180904817581176935e+00 2.180904817581176935e+00 0.000000000000000000e+00 2.604931640625000000e+01 6.585815429687500000e+00
2.207907712105477316e+00 2.028567838668823065e+00 2.028567838668823065e+00 0.000000000000000000e+00 1.765454101562500000e+01 5.933715820312500000e+00
1.924308052157411408e+00 1.575832223892212003e+00 1.575832223892212003e+00 0.000000000000000000e+00 1.975317382812500000e+01 5.361816406250000000e+00
1.693753452584294994e+00 1.607193374633788974e+00 1.607193374633788974e+00 0.000000000000000000e+00 2.089123535156250000e+01 7.420776367187500000e+00
1.637150819938961721e+00 1.202225732803344771e+00 1.202225732803344771e+00 0.000000000000000000e+00 1.800988769531250000e+01 6.139892578125000000e+00
1.433436162400953950e+00 8.933702349662780984e-01 8.933702349662780984e-01 0.000000000000000000e+00 1.745886230468750000e+01 3.309814453125000000e+00
1.405862907371898674e+00 1.068129062652587891e+00 1.068129062652587891e+00 0.000000000000000000e+00 1.282080078125000000e+01 3.637573242187500000e+00
1.386285089030124151e+00 9.913346052169800249e-01 9.913346052169800249e-01 0.000000000000000000e+00 1.583728027343750000e+01 3.762939453125000000e+00
1.356695798364015992e+00 8.884727239608765093e-01 8.884727239608765093e-01 0.000000000000000000e+00 1.347778320312500000e+01 3.119873046875000000e+00
1.345552476325837743e+00 6.477854013442992942e-01 6.477854013442992942e-01 0.000000000000000000e+00 1.127294921875000000e+01 1.904907226562500000e+00
1.272716636704926518e+00 1.141035699844360263e+00 1.141035699844360263e+00 0.000000000000000000e+00 1.782312011718750000e+01 4.596679687500000000e+00
1.286159682982038754e+00 5.908226728439330833e-01 5.908226728439330833e-01 0.000000000000000000e+00 1.325427246093750000e+01 2.004272460937500000e+00
1.266408544955867299e+00 8.786462545394897461e-01 8.786462545394897461e-01 0.000000000000000000e+00 1.087353515625000000e+01 2.612182617187500000e+00
1.247502168806472689e+00 9.859837293624877930e-01 9.859837293624877930e-01 0.000000000000000000e+00 1.253527832031250000e+01 3.711181640625000000e+00
1.336029909624911749e+00 7.096438527107238325e-01 7.096438527107238325e-01 0.000000000000000000e+00 1.337084960937500000e+01 2.416259765625000000e+00
1.178615539380819532e+00 7.401854157447814719e-01 7.401854157447814719e-01 0.000000000000000000e+00 9.849731445312500000e+00 3.597290039062500000e+00
1.182061310451809621e+00 8.680612206459045188e-01 8.680612206459045188e-01 0.000000000000000000e+00 9.703613281250000000e+00 3.667358398437500000e+00
1.252293281035848249e+00 5.596857786178588423e-01 5.596857786178588423e-01 0.000000000000000000e+00 1.155432128906250000e+01 1.994750976562500000e+00
1.180636682132683246e+00 4.304799020290374645e-01 4.304799020290374645e-01 0.000000000000000000e+00 1.297570800781250000e+01 3.199340820312500000e+00
1.210679939477750544e+00 6.181074142456054465e-01 6.181074142456054465e-01 0.000000000000000000e+00 1.321789550781250000e+01 3.549072265625000000e+00
1.173459384110894455e+00 3.527941346168518288e-01 3.527941346168518288e-01 0.000000000000000000e+00 9.287597656250000000e+00 1.150512695312500000e+00
1.139265795155326888e+00 8.511781692504882812e-01 8.511781692504882812e-01 0.000000000000000000e+00 1.325781250000000000e+01 3.315795898437500000e+00
1.160859128036121346e+00 4.659994661808014027e-01 4.659994661808014027e-01 0.000000000000000000e+00 8.049804687500000000e+00 1.597900390625000000e+00
1.144427344350531506e+00 6.658512473106383833e-01 6.658512473106383833e-01 0.000000000000000000e+00 1.144567871093750000e+01 1.702392578125000000e+00
1.162819032031710886e+00 9.335977673530578835e-01 9.335977673530578835e-01 0.000000000000000000e+00 1.089477539062500000e+01 2.791870117187500000e+00
1.357483847306506508e+00 6.318210840225220171e-01 6.318210840225220171e-01 0.000000000000000000e+00 1.192956542968750000e+01 1.844360351562500000e+00
1.136559653990339536e+00 7.807771682739257368e-01 7.807771682739257368e-01 0.000000000000000000e+00 1.055236816406250000e+01 2.783081054687500000e+00
1.089121922407999987e+00 3.318027377128601185e-01 3.318027377128601185e-01 0.000000000000000000e+00 9.728759765625000000e+00 1.248413085937500000e+00
1.168802902250006603e+00 6.162891864776611772e-01 6.162891864776611772e-01 0.000000000000000000e+00 1.145666503906250000e+01 2.719848632812500000e+00
1.144097399003434878e+00 3.447422325611114724e-01 3.447422325611114724e-01 0.000000000000000000e+00 1.037731933593750000e+01 2.101806640625000000e+00
1.144874771042625472e+00 6.552687764167786089e-01 6.552687764167786089e-01 0.000000000000000000e+00 1.340051269531250000e+01 2.789916992187500000e+00
1.086961709626830475e+00 7.838549852371216042e-01 7.838549852371216042e-01 0.000000000000000000e+00 8.433959960937500000e+00 1.110107421875000000e+00
1.170830189591587134e+00 4.955930888652801403e-01 4.955930888652801403e-01 0.000000000000000000e+00 9.726928710937500000e+00 1.422973632812500000e+00
1.121357167416279887e+00 7.210002303123473899e-01 7.210002303123473899e-01 0.000000000000000000e+00 1.123645019531250000e+01 2.012451171875000000e+00
1.092208215505769964e+00 4.361750483512878418e-01 4.361750483512878418e-01 0.000000000000000000e+00 1.034680175781250000e+01 1.790771484375000000e+00
1.116586275029890718e+00 1.271305203437805176e+00 1.271305203437805176e+00 0.000000000000000000e+00 1.244543457031250000e+01 1.741943359375000000e+00
1.126375918341155025e+00 6.370846033096313477e-01 6.370846033096313477e-01 0.000000000000000000e+00 1.072985839843750000e+01 1.011840820312500000e+00
1.117204476111006040e+00 4.520709335803985707e-01 4.520709335803985707e-01 0.000000000000000000e+00 1.103869628906250000e+01 1.978027343750000000e+00
1.146250543322893556e+00 4.144196152687072976e-01 4.144196152687072976e-01 0.000000000000000000e+00 1.069860839843750000e+01 2.116943359375000000e+00
1.153307186494959558e+00 7.554627060890197754e-01 7.554627060890197754e-01 0.000000000000000000e+00 1.218334960937500000e+01 2.879150390625000000e+00
1.177569287838322154e+00 3.979262053966522439e-01 3.979262053966522439e-01 0.000000000000000000e+00 8.108764648437500000e+00 8.358154296875000000e-01
1.094185201248319972e+00 5.647316336631774680e-01 5.647316336631774680e-01 0.000000000000000000e+00 8.182617187500000000e+00 1.077636718750000000e+00
1.073798084613120096e+00 5.696968793869018333e-01 5.696968793869018333e-01 0.000000000000000000e+00 8.247680664062500000e+00 1.886108398437500000e+00
1.057568057928935046e+00 3.419377207756042480e-01 3.419377207756042480e-01 0.000000000000000000e+00 9.427001953125000000e+00 1.042968750000000000e+00
1.060324849468646580e+00 6.982731938362121138e-01 6.982731938362121138e-01 0.000000000000000000e+00 9.354980468750000000e+00 1.180541992187500000e+00
1.116016452855402852e+00 3.901363313198089600e-01 3.901363313198089600e-01 0.000000000000000000e+00 9.472534179687500000e+00 1.146484375000000000e+00
1.097263119008281551e+00 4.554092288017272949e-01 4.554092288017272949e-01 0.000000000000000000e+00 1.100048828125000000e+01 1.396850585937500000e+00
1.091108810783612881e+00 2.854129672050476074e-01 2.854129672050476074e-01 0.000000000000000000e+00 7.031738281250000000e+00 1.337280273437500000e+00
1.131994364285233035e+00 5.069429755210876909e-01 5.069429755210876909e-01 0.000000000000000000e+00 9.378417968750000000e+00 1.514648437500000000e+00
1.112666511299586602e+00 4.386712908744812012e-01 4.386712908744812012e-01 0.000000000000000000e+00 1.021142578125000000e+01 1.282348632812500000e+00
1.121159653262336686e+00 2.791477978229522927e-01 2.791477978229522927e-01 0.000000000000000000e+00 9.322143554687500000e+00 1.343627929687500000e+00
1.065111634164753518e+00 5.227649033069610152e-01 5.227649033069610152e-01 0.000000000000000000e+00 8.098144531250000000e+00 1.233154296875000000e+00
1.060520396669312193e+00 2.047491937875747792e-01 2.047491937875747792e-01 0.000000000000000000e+00 8.611450195312500000e+00 1.328247070312500000e+00
1.088227568286480373e+00 4.173376679420471302e-01 4.173376679420471302e-01 0.000000000000000000e+00 9.413330078125000000e+00 2.433349609375000000e+00
1.079057969669304340e+00 4.927936255931854026e-01 4.927936255931854026e-01 0.000000000000000000e+00 8.749145507812500000e+00 9.599609375000000000e-01
